# Number of fault-free domino tilings of the 6 X n rectangle. a(n)=FF(6,n), n>=1.
1 0
2 0
3 0
4 0
5 6
6 0
7 124
8 62
9 1646
10 1630
11 18120
12 25654
13 180288
14 317338
15 1684956
16 3416994
17 15096258
18 33682250
19 131231536
20 312728500
21 1115426178
22 2783328548
23 9318486772
24 24019784292
25 76799556312
26 202569202212
27 626121597828
28 1678670509732
29 5059792519934
30 13723653316148
31 40594235135960
32 111008820392442
33 323735259854526
34 890393610659938
35 2568839648465276
36 7093635850287098
37 20297862864852112
38 56205312802391942
39 159812783981205040
40 443346909814473070
