# Array T(m,n) = number of fault-free domino tilings of the m X n rectangle, m,n>=1, read by antidiagonals upward: T(1,1),T(1,2),T(2,1),T(1,3),T(2,2),T(3,1),... Main diagonal T(n,n) restricted to 2n X 2n is OEIS A124997.
1 0
2 1
3 1
4 0
5 0
6 0
7 0
8 0
9 0
10 0
11 0
12 0
13 0
14 0
15 0
16 0
17 0
18 0
19 0
20 0
21 0
22 0
23 0
24 0
25 0
26 0
27 0
28 0
29 0
30 0
31 0
32 0
33 0
34 0
35 0
36 0
37 0
38 0
39 0
40 0
41 0
42 0
43 0
44 0
45 0
46 0
47 0
48 0
49 0
50 6
51 6
52 0
53 0
54 0
55 0
56 0
57 0
58 0
59 0
60 0
61 0
62 0
63 0
64 0
65 0
66 0
67 0
68 0
69 0
70 0
71 108
72 124
73 124
74 108
75 0
76 0
77 0
78 0
79 0
80 0
81 0
82 0
83 0
84 62
85 0
86 62
87 0
88 0
89 0
90 0
91 0
92 0
93 0
94 0
95 0
96 1182
97 1646
98 13514
99 13514
100 1646
101 1182
102 0
103 0
104 0
105 0
106 0
107 0
108 0
109 0
110 0
111 1630
112 0
113 25506
114 0
115 1630
116 0
117 0
118 0
119 0
120 0
121 0
122 0
123 0
124 0
125 10338
126 18120
127 765182
128 991186
129 991186
130 765182
131 18120
132 10338
133 0
134 0
135 0
136 0
137 0
138 0
139 0
140 0
141 0
142 25654
143 0
144 3103578
145 0
146 3103578
147 0
148 25654
149 0
150 0
151 0
152 0
153 0
154 0
155 0
156 0
157 0
158 79818
159 180288
160 32046702
161 57718190
162 262834138
163 262834138
164 57718190
165 32046702
166 180288
167 79818
168 0
169 0
170 0
171 0
172 0
173 0
174 0
175 0
176 317338
177 0
178 238225406
179 0
180 1759280998
181 0
182 238225406
183 0
184 317338
185 0
186 0
187 0
188 0
189 0
190 0
191 570342
192 1684956
193 1136189734
194 2965022934
195 47462718048
196 68264577610
197 68264577610
198 47462718048
199 2965022934
200 1136189734
201 1684956
202 570342
203 0
204 0
205 0
206 0
207 3416994
208 0
209 14388538008
210 0
211 600712496787
212 0
213 600712496787
214 0
215 14388538008
216 0
217 3416994
218 0
219 0
220 3870468
221 15096258
222 36378354342
223 140937146918
224 6934560180880
225 15222887103620
226 50430759494352
227 50430759494352
228 15222887103620
229 6934560180880
230 140937146918
231 36378354342
232 15096258
233 3870468
234 33682250
235 0
236 754315570508
237 0
238 156642578785763
239 0
240 854818404562894
241 0
242 156642578785763
243 0
244 754315570508
245 0
246 33682250
247 1089517092974
248 6358096230876
249 890951705775196
250 3089168531639056
251 28732609768788564
252 44677503395749334
253 44677503395749334
254 28732609768788564
255 3089168531639056
256 890951705775196
257 6358096230876
258 1089517092974
259 36137421117096
260 0
261 34813507051249980
262 0
263 893746121077642451
264 0
265 893746121077642451
266 0
267 34813507051249980
268 0
269 36137421117096
270 105313323090903808
271 588428010607125930
272 13992553642994925988
273 35378366148590797080
274 96220604774234644072
275 96220604774234644072
276 35378366148590797080
277 13992553642994925988
278 588428010607125930
279 105313323090903808
280 6991572970067005909
281 0
282 777993226961510628490
283 0
284 3588226034666378581610
285 0
286 777993226961510628490
287 0
288 6991572970067005909
289 6159045535795050539958
290 25988445162843982089770
291 171945831580941433029604
292 282588338511384052320246
293 282588338511384052320246
294 171945831580941433029604
295 25988445162843982089770
296 6159045535795050539958
297 603021275020758841153394
298 0
299 11682561186024786905149680
300 0
301 11682561186024786905149680
302 0
303 603021275020758841153394
304 272595759785400395067070226
305 760393281598969030711430378
306 1816496847596868002026194374
307 1816496847596868002026194374
308 760393281598969030711430378
309 272595759785400395067070226
310 33308130329176220847158078352
311 0
312 138311081613064367684548901556
313 0
314 33308130329176220847158078352
315 10161195521376166013096464227542
316 17355492111289082039832199483202
317 17355492111289082039832199483202
318 10161195521376166013096464227542
319 1408445744825055513980632800921880
320 0
321 1408445744825055513980632800921880
322 337985863607502598809991526343059336
323 337985863607502598809991526343059336
324 50272239752141442901464758051467073726
