1 1
2 2
3 1
4 2
5 3
6 2
7 2
8 2
9 3
10 6
11 2
12 2
13 6
14 4
15 3
16 2
17 6
18 6
19 2
20 6
21 2
22 4
23 2
24 2
25 3
26 12
27 9
28 4
29 2
30 6
31 5
32 2
33 2
34 12
35 6
36 6
37 4
38 4
39 6
40 6
41 7
42 4
43 4
44 4
45 9
46 4
47 7
48 2
49 14
50 6
51 6
52 12
53 2
54 18
55 6
56 4
57 2
58 4
59 3
60 6
61 12
62 10
63 6
64 2
65 18
66 4
67 7
68 12
69 2
70 12
71 18
72 6
73 8
74 8
75 3
76 4
77 4
78 12
79 15
80 6
81 27
82 14
83 5
84 4
85 18
86 8
87 2
88 4
89 20
90 18
91 12
92 4
93 5
94 14
95 6
96 2
97 9
98 28
99 6
100 6
101 9
102 12
103 19
104 12
105 6
106 4
107 11
108 18
109 4
110 12
111 4
112 4
113 9
114 4
115 6
116 4
117 18
118 6
119 12
120 6
121 22
122 24
123 7
124 10
125 3
126 12
127 10
128 2
129 4
130 36
131 7
132 4
133 4
134 14
135 27
136 12
137 22
138 4
139 27
140 12
141 7
142 36
143 12
144 6
145 6
146 16
147 14
148 8
149 24
150 6
151 21
152 4
153 18
154 8
155 15
156 12
157 11
158 30
159 2
160 6
161 4
162 54
163 14
164 14
165 6
166 10
167 20
168 4
169 30
170 36
171 6
172 8
173 4
174 4
175 6
176 4
177 3
178 40
179 23
180 18
181 21
182 24
183 12
184 4
185 12
186 10
187 12
188 14
189 18
190 12
191 26
192 2
193 12
194 18
195 18
196 28
197 13
198 12
199 13
200 6
201 7
202 18
203 4
204 12
205 21
206 38
207 6
208 12
209 4
210 12
211 22
212 4
213 18
214 22
215 12
216 18
217 10
218 8
219 8
220 12
221 36
222 8
223 7
224 4
225 9
226 18
227 27
228 4
229 34
230 12
231 4
232 4
233 26
234 36
235 21
236 6
237 15
238 24
239 18
240 6
241 23
242 44
243 81
244 24
245 42
246 14
247 12
248 10
249 5
250 6
251 22
252 12
253 4
254 20
255 18
256 2
257 24
258 8
259 8
260 36
261 6
262 14
263 32
264 4
265 6
266 8
267 20
268 14
269 15
270 54
271 25
272 12
273 12
274 44
275 6
276 4
277 33
278 54
279 15
280 12
281 10
282 14
283 15
284 36
285 6
286 24
287 14
288 6
289 102
290 12
291 9
292 16
293 21
294 28
295 9
296 8
297 18
298 48
299 12
300 6
301 8
302 42
303 9
304 4
305 36
306 36
307 8
308 8
309 19
310 30
311 13
312 12
313 11
314 22
315 18
316 30
317 21
318 4
319 4
320 6
321 11
322 8
323 12
324 54
325 18
326 28
327 4
328 14
329 14
330 12
331 46
332 10
333 12
334 40
335 21
336 4
337 25
338 60
339 9
340 36
341 10
342 12
343 98
344 8
345 6
346 8
347 19
348 4
349 31
350 12
351 54
352 4
353 31
354 6
355 54
356 40
357 12
358 46
359 18
360 18
361 38
362 42
363 22
364 24
365 24
366 24
367 15
368 4
369 21
370 24
371 4
372 10
373 9
374 24
375 3
376 14
377 12
378 36
379 24
380 12
381 10
382 52
383 37
384 2
385 12
386 24
387 12
388 18
389 35
390 36
391 12
392 28
393 7
394 26
395 45
396 12
397 31
398 26
399 4
400 6
401 34
402 14
403 30
404 18
405 81
406 8
407 8
408 12
409 24
410 42
411 22
412 38
413 6
414 12
415 15
416 12
417 27
418 8
419 21
420 12
421 33
422 44
423 21
424 4
425 18
426 36
427 24
428 22
429 12
430 24
431 8
432 18
433 38
434 20
435 6
436 8
437 4
438 16
439 22
440 12
441 42
442 72
443 15
444 8
445 60
446 14
447 24
448 4
449 31
450 18
451 14
452 18
453 21
454 54
455 36
456 4
457 34
458 68
459 54
460 12
461 25
462 8
463 19
464 4
465 15
466 52
467 23
468 36
469 14
470 42
471 11
472 6
473 8
474 30
475 6
476 24
477 6
478 36
479 23
480 6
481 24
482 46
483 4
484 44
485 27
486 162
487 41
488 24
489 14
490 84
491 2
492 14
493 12
494 24
495 18
496 10
497 36
498 10
499 7
500 6
501 20
502 44
503 7
504 12
505 27
506 8
507 30
508 20
509 55
510 36
511 16
512 2
513 18
514 48
515 57
516 8
517 14
518 16
519 4
520 36
521 74
522 12
523 15
524 14
525 6
526 64
527 30
528 4
529 46
530 12
531 9
532 8
533 42
534 40
535 33
536 14
537 23
538 30
539 28
540 54
541 34
542 50
543 21
544 12
545 12
546 24
547 23
548 44
549 36
550 12
551 4
552 4
553 30
554 66
555 12
556 54
557 22
558 30
559 24
560 12
561 12
562 20
563 26
564 14
565 27
566 30
567 54
568 36
569 31
570 12
571 44
572 24
573 26
574 28
575 6
576 6
577 16
578 204
579 12
580 12
581 10
582 18
583 4
584 16
585 54
586 42
587 41
588 28
589 10
590 18
591 13
592 8
593 66
594 36
595 36
596 48
597 13
598 24
599 29
600 6
601 59
602 16
603 21
604 42
605 66
606 18
607 7
608 4
609 4
610 72
611 42
612 36
613 10
614 16
615 21
616 8
617 5
618 38
619 63
620 30
621 18
622 26
623 40
624 12
625 3
626 22
627 4
628 22
629 24
630 36
631 35
632 30
633 22
634 42
635 30
636 4
637 84
638 8
639 54
640 6
641 17
642 22
643 12
644 8
645 12
646 24
647 67
648 54
649 6
650 36
651 10
652 28
653 35
654 8
655 21
656 14
657 24
658 28
659 62
660 12
661 37
662 92
663 36
664 10
665 12
666 24
667 4
668 40
669 7
670 42
671 24
672 4
673 23
674 50
675 27
676 60
677 58
678 18
679 18
680 36
681 27
682 20
683 28
684 12
685 66
686 196
687 34
688 8
689 12
690 12
691 45
692 8
693 12
694 38
695 81
696 4
697 42
698 62
699 26
700 12
701 22
702 108
703 8
704 4
705 21
706 62
707 18
708 6
709 26
710 108
711 45
712 40
713 10
714 24
715 36
716 46
717 18
718 36
719 12
720 18
721 38
722 76
723 23
724 42
725 6
726 44
727 12
728 24
729 243
730 48
731 24
732 24
733 16
734 30
735 42
736 4
737 14
738 42
739 37
740 24
741 12
742 8
743 26
744 10
745 72
746 18
747 15
748 24
749 22
750 6
751 21
752 14
753 22
754 24
755 63
756 36
757 47
758 48
759 4
760 12
761 39
762 20
763 8
764 52
765 54
766 74
767 18
768 2
769 36
770 24
771 24
772 24
773 71
774 24
775 15
776 18
777 8
778 70
779 14
780 36
781 36
782 24
783 18
784 28
785 33
786 14
787 42
788 26
789 32
790 90
791 18
792 12
793 72
794 62
795 6
796 26
797 50
798 8
799 42
800 6
801 60
802 68
803 16
804 14
805 12
806 60
807 15
808 18
809 33
810 162
811 67
812 8
813 25
814 16
815 42
816 12
817 8
818 48
819 36
820 42
821 34
822 44
823 68
824 38
825 6
826 12
827 47
828 12
829 42
830 30
831 33
832 12
833 84
834 54
835 60
836 8
837 45
838 42
839 41
840 12
841 58
842 66
843 10
844 44
845 90
846 42
847 44
848 4
849 15
850 36
851 8
852 36
853 26
854 48
855 18
856 22
857 21
858 24
859 11
860 24
861 14
862 16
863 43
864 18
865 12
866 76
867 102
868 20
869 30
870 12
871 42
872 8
873 27
874 8
875 6
876 16
877 70
878 44
879 21
880 12
881 50
882 84
883 63
884 72
885 9
886 30
887 40
888 8
889 20
890 120
891 54
892 14
893 14
894 48
895 69
896 4
897 12
898 62
899 10
900 18
901 12
902 28
903 8
904 18
905 63
906 42
907 44
908 54
909 27
910 72
911 68
912 4
913 10
914 68
915 36
916 68
917 14
918 108
919 43
920 12
921 8
922 50
923 108
924 8
925 12
926 38
927 57
928 4
929 9
930 30
931 28
932 52
933 13
934 46
935 36
936 36
937 42
938 28
939 11
940 42
941 31
942 22
943 14
944 6
945 54
946 16
947 41
948 30
949 48
950 12
951 21
952 24
953 18
954 12
955 78
956 36
957 4
958 46
959 44
960 6
961 155
962 48
963 33
964 46
965 36
966 8
967 36
968 44
969 12
970 54
971 11
972 162
973 54
974 82
975 18
976 24
977 28
978 28
979 40
980 84
981 12
982 4
983 59
984 14
985 39
986 24
987 14
988 24
989 8
990 36
991 87
992 10
993 46
994 72
995 39
996 10
997 58
998 14
999 36
1000 6
