1 1
2 4
3 5
4 8
5 12
6 20
7 16
8 16
9 27
10 48
11 39
12 40
13 53
14 64
15 60
16 32
17 71
18 108
19 84
20 96
21 80
22 156
23 112
24 80
25 180
26 212
27 189
28 128
29 171
30 240
31 208
32 64
33 195
34 284
35 192
36 216
37 240
38 336
39 265
40 192
41 283
42 320
43 347
44 312
45 324
46 448
47 398
48 160
49 532
50 720
51 355
52 424
53 402
54 756
55 468
56 256
57 420
58 684
59 543
60 480
61 581
62 832
63 432
64 128
65 636
66 780
67 628
68 568
69 560
70 768
71 667
72 432
73 731
74 960
75 900
76 672
77 624
78 1060
79 800
80 384
81 1539
82 1132
83 872
84 640
85 852
86 1388
87 855
88 624
89 971
90 1296
91 848
92 896
93 1040
94 1592
95 1008
96 320
97 1064
98 2128
99 1053
100 1440
101 1211
102 1420
103 1247
104 848
105 960
106 1608
107 1431
108 1512
109 1269
110 1872
111 1200
112 512
113 1335
114 1680
115 1344
116 1368
117 1431
118 2172
119 1136
120 960
121 3509
122 2324
123 1415
124 1664
125 3900
126 1728
127 1730
128 256
129 1735
130 2544
131 1756
132 1560
133 1344
134 2512
135 2268
136 1136
137 1914
138 2240
139 1952
140 1536
141 1990
142 2668
143 2067
144 864
145 2052
146 2924
147 2660
148 1920
149 2205
150 3600
151 2340
152 1344
153 1917
154 2496
155 2496
156 2120
157 2444
158 3200
159 2010
160 768
161 1792
162 6156
163 2460
164 2264
165 2340
166 3488
167 2433
168 1280
169 6149
170 3408
171 2268
172 2776
173 2793
174 3420
175 2880
176 1248
177 2715
178 3884
179 2766
180 2592
181 2868
182 3392
183 2905
184 1792
185 2880
186 4160
187 2769
188 3184
189 3024
190 4032
191 3285
192 640
193 3210
194 4256
195 3180
196 4256
197 3322
198 4212
199 3284
200 2880
201 3140
202 4844
203 2736
204 2840
205 3396
206 4988
207 3024
208 1696
209 3276
210 3840
211 3776
212 3216
213 3335
214 5724
215 4164
216 3024
217 3328
218 5076
219 3655
220 3744
221 3763
222 4800
223 4094
224 1024
225 4860
226 5340
227 4199
228 3360
229 4265
230 5376
231 3120
232 2736
233 4364
234 5724
235 4776
236 4344
237 4000
238 4544
239 4647
240 1920
241 4555
242 14036
243 13365
244 4648
245 6384
246 5660
247 4452
248 3328
249 4360
250 15600
251 4804
252 3456
253 4368
254 6920
255 4260
256 512
257 4805
258 6940
259 3840
260 5088
261 4617
262 7024
263 5263
264 3120
265 4824
266 5376
267 4855
268 5024
269 5367
270 9072
271 5346
272 2272
273 4240
274 7656
275 7020
276 4480
277 5695
278 7808
279 5616
280 3072
281 5697
282 7960
283 5557
284 5336
285 5040
286 8268
287 4528
288 1728
289 18887
290 8208
291 5320
292 5848
293 6106
294 10640
295 6516
296 3840
297 7371
298 8820
299 5936
300 7200
301 5552
302 9360
303 6055
304 2688
305 6972
306 7668
307 6478
308 4992
309 6235
310 9984
311 6930
312 4240
313 6509
314 9776
315 5184
316 6400
317 6773
318 8040
319 6669
320 1536
321 7155
322 7168
323 5964
324 12312
325 9540
326 9840
327 6345
328 4528
329 6368
330 9360
331 7590
332 6976
333 6480
334 9732
335 7536
336 2560
337 7581
338 24596
339 6675
340 6816
341 8112
342 9072
343 24304
344 5552
345 6720
346 11172
347 8106
348 6840
349 8026
350 11520
351 10017
352 2496
353 7861
354 10860
355 8004
356 7768
357 5680
358 11064
359 7863
360 5184
361 24168
362 11472
363 17545
364 6784
365 8772
366 11620
367 8495
368 3584
369 7641
370 11520
371 6432
372 8320
373 8931
374 11076
375 19500
376 6368
377 9063
378 12096
379 8859
380 8064
381 8650
382 13140
383 9349
384 1280
385 7488
386 12840
387 9369
388 8512
389 9265
390 12720
391 7952
392 8512
393 8780
394 13288
395 9600
396 8424
397 9622
398 13136
399 6720
400 5760
