1 1
2 3
3 4
4 6
5 8
6 13
7 11
8 12
9 17
10 26
11 21
12 26
13 26
14 36
15 34
16 24
17 35
18 57
19 39
20 52
21 47
22 69
23 50
24 52
25 69
26 87
27 78
28 72
29 67
30 118
31 77
32 48
33 90
34 117
35 96
36 114
37 89
38 130
39 113
40 104
41 102
42 164
43 114
44 138
45 152
46 166
47 121
48 104
49 181
50 242
51 152
52 174
53 138
54 267
55 186
56 144
57 169
58 221
59 158
60 236
61 173
62 262
63 209
64 96
65 234
66 315
67 186
68 234
69 216
70 334
71 194
72 228
73 204
74 300
75 311
76 260
77 255
78 401
79 222
80 208
81 333
82 343
83 234
84 328
85 316
86 385
87 288
88 276
89 253
90 538
91 321
92 332
93 339
94 402
95 352
96 208
97 279
98 634
99 405
100 484
101 298
102 539
103 310
104 348
105 430
106 464
107 327
108 534
109 315
110 648
111 389
112 288
113 339
114 598
115 446
116 442
117 512
118 531
119 433
120 472
121 593
122 583
123 445
124 524
125 590
126 744
127 402
128 192
129 499
130 828
131 407
132 630
133 482
134 626
135 738
136 468
137 435
138 762
139 434
140 668
141 523
142 653
143 632
144 456
145 598
146 691
147 815
148 600
149 468
150 1142
151 490
152 520
153 691
154 894
155 704
156 802
157 500
158 752
159 602
160 416
161 612
162 1161
163 530
164 686
165 834
166 792
167 520
168 656
169 921
170 1116
171 769
172 770
173 564
174 1011
175 874
176 552
177 689
178 857
179 580
180 1076
181 586
182 1142
183 756
184 664
185 816
186 1218
187 853
188 804
189 1005
190 1242
191 637
192 416
193 631
194 934
195 1062
196 1268
197 657
198 1443
199 662
200 968
201 812
202 1015
203 819
204 1078
205 930
206 1055
207 974
208 696
209 947
210 1570
211 730
212 928
213 847
214 1115
215 1056
216 1068
217 966
218 1063
219 895
220 1296
221 1084
222 1388
223 753
224 576
225 1403
226 1141
227 763
228 1196
229 771
230 1566
231 1149
232 884
233 790
234 1849
235 1098
236 1062
237 974
238 1538
239 820
240 944
241 811
242 2087
243 1350
244 1166
245 1756
246 1585
247 1203
248 1048
249 1026
250 2170
251 853
252 1488
253 1216
254 1368
255 1432
256 384
257 869
258 1783
259 1116
260 1656
261 1303
262 1378
263 897
264 1260
265 1254
266 1710
267 1110
268 1252
269 916
270 2646
271 937
272 936
273 1463
274 1470
275 1735
276 1524
277 944
278 1476
279 1547
280 1336
281 976
282 1846
283 974
284 1306
285 1594
286 2251
287 1273
288 912
289 1682
290 2092
291 1213
292 1382
293 1014
294 2990
295 1448
296 1200
297 1980
298 1597
299 1536
300 2284
301 1441
302 1676
303 1313
304 1040
305 1572
306 2491
307 1076
308 1788
309 1365
310 2520
311 1117
312 1604
313 1087
314 1702
315 1988
316 1504
317 1120
318 2144
319 1617
320 832
321 1442
322 2162
323 1625
324 2322
325 2225
326 1794
327 1378
328 1372
329 1500
330 3048
331 1198
332 1584
333 1787
334 1767
335 1692
336 1312
337 1195
338 3335
339 1480
340 2232
341 1919
342 2770
343 2583
344 1540
345 2012
346 1903
347 1219
348 2022
349 1240
350 3214
351 2529
352 1104
353 1238
354 2453
355 1766
356 1714
357 1971
358 1966
359 1261
360 2152
361 2450
362 2008
363 2680
364 2284
365 1886
366 2697
367 1292
368 1328
369 2036
370 2902
371 1718
372 2436
373 1362
374 3033
375 2760
376 1608
377 2046
378 3624
379 1375
380 2484
381 1770
382 2167
383 1388
384 832
385 2412
386 2136
387 2312
388 1868
389 1435
390 3924
391 2070
392 2536
393 1785
394 2214
395 2042
396 2886
397 1459
398 2240
399 2192
400 1936
