1 1
2 1
3 1
4 1
5 1
6 1
7 1
8 1
9 1
10 1
11 2
12 1
13 3
14 1
15 1
16 1
17 3
18 1
19 3
20 1
21 1
22 2
23 5
24 1
25 4
26 3
27 3
28 1
29 4
30 1
31 4
32 1
33 2
34 3
35 1
36 1
37 9
38 3
39 3
40 1
41 6
42 1
43 6
44 2
45 1
46 5
47 11
48 1
49 6
50 4
51 3
52 3
53 9
54 3
55 2
56 1
57 3
58 4
59 14
60 1
61 5
62 4
63 1
64 1
65 3
66 2
67 5
68 3
69 5
70 1
71 12
72 1
73 18
74 9
75 4
76 3
77 2
78 3
79 12
80 1
81 9
82 6
83 10
84 1
85 3
86 6
87 4
88 2
89 12
90 1
91 3
92 5
93 4
94 11
95 3
96 1
97 21
98 6
99 2
100 4
101 10
102 3
103 8
104 3
105 1
106 9
107 26
108 3
109 20
110 2
111 9
112 1
113 9
114 3
115 5
116 4
117 3
118 14
119 3
120 1
