1 1
2 2
3 1
4 2
5 2
6 2
7 2
8 2
9 3
10 4
11 4
12 2
13 5
14 4
15 2
16 2
17 5
18 6
19 7
20 4
21 2
22 8
23 7
24 2
25 10
26 10
27 9
28 4
29 11
30 4
31 8
32 2
33 4
34 10
35 4
36 6
37 14
38 14
39 5
40 4
41 13
42 4
43 16
44 8
45 6
46 14
47 13
48 2
49 14
50 20
51 5
52 10
53 20
54 18
55 8
56 4
57 7
58 22
59 22
60 4
61 23
62 16
63 6
64 2
65 10
66 8
67 25
68 10
69 7
70 8
71 22
72 6
73 23
74 28
75 10
76 14
77 8
78 10
79 22
80 4
81 27
82 26
83 31
84 4
85 10
86 32
87 11
88 8
89 28
90 12
91 10
92 14
93 8
94 26
95 14
96 2
97 26
98 28
99 12
100 20
101 38
102 10
103 32
104 10
105 4
106 40
107 40
108 18
109 41
110 16
111 14
112 4
113 32
114 14
115 14
116 22
117 15
118 44
119 10
120 4
