1 1
2 2
3 1
4 2
5 2
6 2
7 2
8 2
9 3
10 4
11 2
12 2
13 2
14 4
15 2
16 2
17 2
18 6
19 2
20 4
21 2
22 4
23 2
24 2
25 2
26 4
27 6
28 4
29 2
30 4
31 2
32 2
33 2
34 4
35 4
36 6
37 2
38 4
39 2
40 4
41 2
42 4
43 2
44 4
45 6
46 4
47 2
48 2
49 2
50 4
51 2
52 4
53 2
54 12
55 4
56 4
57 2
58 4
59 2
60 4
61 2
62 4
63 6
64 2
65 4
66 4
67 2
68 4
69 2
70 8
71 2
72 6
73 2
74 4
75 2
76 4
77 4
78 4
79 2
80 4
81 6
82 4
83 2
84 4
85 4
86 4
87 2
88 4
89 2
90 12
91 4
92 4
93 2
94 4
95 4
96 2
97 2
98 4
99 6
100 4
101 2
102 4
103 2
104 4
105 4
106 4
107 2
108 12
109 2
110 8
111 2
112 4
113 2
114 4
115 4
116 4
117 6
118 4
119 4
120 4
