1 1
2 2
3 1
4 2
5 2
6 2
7 2
8 2
9 3
10 4
11 3
12 2
13 3
14 4
15 2
16 2
17 3
18 6
19 4
20 4
21 2
22 6
23 3
24 2
25 5
26 6
27 7
28 4
29 5
30 4
31 4
32 2
33 3
34 6
35 4
36 6
37 4
38 8
39 3
40 4
41 5
42 4
43 5
44 6
45 6
46 6
47 3
48 2
49 5
50 10
51 3
52 6
53 5
54 14
55 6
56 4
57 4
58 10
59 5
60 4
61 7
62 8
63 6
64 2
65 6
66 6
67 7
68 6
69 3
70 8
71 6
72 6
73 4
74 8
75 5
76 8
77 6
78 6
79 5
80 4
81 11
82 10
83 6
84 4
85 6
86 10
87 5
88 6
89 7
90 12
91 6
92 6
93 4
94 6
95 8
96 2
97 4
98 10
99 9
100 10
101 8
102 6
103 7
104 6
105 4
106 10
107 5
108 14
109 7
110 12
111 4
112 4
113 6
114 8
115 6
116 10
117 9
118 10
119 6
120 4
