# Garden-of-Eden count GoE(n) = 2^n - |image| of elementary CA rule 54 on a cyclic lattice of length n (class-4 complex). ABSENT from OEIS (checked 2026-07-19).
# n a(n)  (offset 1). Generated by research/ca-garden-of-eden/gen-data.mjs; verified by verify.mjs.
1 1
2 2
3 3
4 2
5 10
6 23
7 49
8 106
9 237
10 512
11 1089
12 2303
13 4849
14 10145
15 21118
16 43786
17 90474
18 186359
19 382812
20 784472
21 1604137
22 3273965
23 6670552
24 13570015
25 27567360
26 55932437
27 113354013
28 229487897
29 464165155
30 938017598
31 1894119034
32 3821996266
33 7707011007
34 15531662402
35 31282931214
36 62975814983
37 126716913169
38 254862426710
39 512391708013
40 1029761794576
41 2068817029089
42 4154982683819
43 8342351094957
44 16745158583177
45 33603174767182
46 67417027634330
47 135227340802642
48 271188851465695
49 543748222153080
50 1090054875315512
51 2184885728323293
52 4378687062669857
53 8774017425598600
54 17579103905032043
55 35216206289402764
56 70540681843247281
57 141283476461802117
58 282944249048715497
59 566592819562550439
60 1134500438544473978
61 2271455292577890454
62 4547492390793657710
63 9103537914908815363
64 18223042480391061226
