# Garden-of-Eden count GoE(n) = 2^n - |image| of elementary CA rule 146 on a cyclic lattice of length n (complex). ABSENT from OEIS (checked 2026-07-19).
# n a(n)  (offset 1). Generated by research/ca-garden-of-eden/gen-data.mjs; verified by verify.mjs.
1 0
2 2
3 3
4 4
5 15
6 30
7 49
8 116
9 237
10 480
11 1056
12 2146
13 4524
14 9401
15 19423
16 40380
17 83164
18 171624
19 353001
20 724494
21 1485361
22 3037947
23 6205952
24 12656606
25 25776460
26 52432276
27 106520286
28 216177189
29 438270301
30 887711685
31 1796517239
32 3632824412
33 7340763774
34 14823233045
35 29913849619
36 60332192158
37 121616130872
38 245027936762
39 493443459018
40 993277881406
41 1998612635158
42 4019970814106
43 8082851991375
44 16246654835393
45 32646024939907
46 65580148877664
47 131703798459561
48 264432915305070
49 530800097183146
50 1065249196122105
51 2137382242876309
52 4287750881712120
53 8600000619481478
54 17246218349282520
55 34579625310404316
56 69323731968178349
57 138957758030436240
58 278500885899700574
59 558106071967317223
60 1118295406094506821
61 2240520885883748248
62 4488455854935517062
63 8990898375917875780
64 18008182593388531356
