# Image size |image(F_30)| of elementary CA rule 30 on a cyclic lattice of length n (number of configurations WITH a predecessor). GoE(n) = 2^n - this. ABSENT from OEIS (checked 2026-07-19).
# n a(n)  (offset 1). Generated by research/ca-garden-of-eden/gen-data.mjs; verified by verify.mjs.
1 1
2 3
3 5
4 11
5 26
6 52
7 106
8 223
9 455
10 923
11 1882
12 3816
13 7710
14 15571
15 31395
16 63199
17 127110
18 255436
19 512906
20 1029271
21 2064431
22 4138819
23 8294514
24 16617680
25 33283926
26 66650171
27 133439963
28 267116679
29 534634750
30 1069950132
31 2141054402
32 4284065727
33 8571449639
34 17148525739
35 34306591786
36 68629360248
37 137286150094
38 274618810403
39 549316484371
40 1098766691503
41 2197760126198
42 4395904722716
43 8792461361274
44 17586028124775
45 35173930592415
46 70351039359379
47 140707467697762
48 281424073060256
49 562863640134342
50 1125753552240523
51 2251551651782347
52 4503178838893655
53 9006485757059950
54 18013188687995140
55 36026745620523442
56 72054115644125327
57 144109290039079575
58 288220375318054395
59 576443794682160922
60 1152892750912031816
61 2305794253851564094
62 4611603347822732915
63 9223231858860490499
64 18446506384991006591
