# Garden-of-Eden count GoE(n) = 2^n - |image| of elementary CA rule 22 on a cyclic lattice of length n (complex; the count dips at n=4). ABSENT from OEIS (checked 2026-07-19).
# n a(n)  (offset 1). Generated by research/ca-garden-of-eden/gen-data.mjs; verified by verify.mjs.
1 1
2 1
3 6
4 5
5 6
6 30
7 50
8 89
9 249
10 466
11 870
12 2046
13 4109
14 8079
15 17531
16 35785
17 71809
18 150393
19 307953
20 624136
21 1287642
22 2633731
23 5355114
24 10963906
25 22368706
26 45483920
27 92707368
28 188649231
29 383121669
30 778508725
31 1580411993
32 3204303657
33 6495908216
34 13159699746
35 26636574488
36 53895490995
37 108989701682
38 220262805428
39 444955918543
40 898440832064
41 1813193147511
42 3657858369209
43 7376245451271
44 14868461762771
45 29960050529024
46 60348841949719
47 121519758843066
48 244618840680442
49 492270254847071
50 990356703201221
51 1991878117329585
52 4005183755041834
53 8051464942333979
54 16181783766849540
55 32514853476653235
56 65319855050900427
57 131196265377304905
58 263460067108694665
59 528967390251011698
60 1061861101646651991
61 2131252149838594625
62 4276943755973229833
63 8581577062092015657
64 17216251839932750601
