# Garden-of-Eden count GoE(n) = 2^n - |image| of elementary CA rule 184 on a cyclic lattice of length n (traffic / particle-hopping). ABSENT from OEIS (checked 2026-07-19).
# n a(n)  (offset 1). Generated by research/ca-garden-of-eden/gen-data.mjs; verified by verify.mjs.
1 0
2 0
3 0
4 4
5 10
6 24
7 56
8 124
9 270
10 580
11 1232
12 2596
13 5434
14 11312
15 23440
16 48380
17 99518
18 204108
19 417544
20 852244
21 1736042
22 3530120
23 7166984
24 14530300
25 29421710
26 59507604
27 120236832
28 242720580
29 489573882
30 986749024
31 1987478944
32 4000672764
33 8048642558
34 16184277916
35 32528560536
36 65351415604
37 131244123242
38 263483837752
39 528798853336
40 1060965767804
41 2128126365838
42 4267646800868
43 8556250562288
44 17151046984548
45 34372990858810
46 68876381427856
47 137992605315632
48 276426349691132
49 553664080612286
50 1108820523974380
51 2220385930988456
52 4445820488996436
53 8900926850801898
54 17818933084472040
55 35669280051640872
56 71396339241655804
57 142898950887250702
58 285993367199511348
59 572346251366345792
60 1145353757528963716
61 2291923752246532602
62 4586084513445265600
63 9176283527827608896
64 18360134802733101052
