# Garden-of-Eden count GoE(n) = 2^n - |image| of elementary CA rule 30 on a cyclic lattice of length n (chaotic; Wolfram/Mathematica default RNG). ABSENT from OEIS (checked 2026-07-19).
# n a(n)  (offset 1). Generated by research/ca-garden-of-eden/gen-data.mjs; verified by verify.mjs.
1 1
2 1
3 3
4 5
5 6
6 12
7 22
8 33
9 57
10 101
11 166
12 280
13 482
14 813
15 1373
16 2337
17 3962
18 6708
19 11382
20 19305
21 32721
22 55485
23 94094
24 159536
25 270506
26 458693
27 777765
28 1318777
29 2236162
30 3791692
31 6429246
32 10901569
33 18484953
34 31343445
35 53146582
36 90116488
37 152803378
38 259096541
39 439329517
40 744936273
41 1263129354
42 2141788388
43 3631660934
44 6157919641
45 10441496417
46 17704818285
47 30020657566
48 50903650400
49 86313286970
50 146354602101
51 248161902901
52 420788476841
53 713497681042
54 1209821486844
55 2051398440526
56 3478393802609
57 5898036776297
58 10000833657349
59 16957621262566
60 28753694815160
61 48755362129858
62 82670604654989
63 140177994285309
64 237688718545025
