# Garden-of-Eden count GoE(n) = 2^n - |image| of elementary CA rule 126 on a cyclic lattice of length n (complex). ABSENT from OEIS (checked 2026-07-19).
# n a(n)  (offset 1). Generated by research/ca-garden-of-eden/gen-data.mjs; verified by verify.mjs.
1 1
2 2
3 6
4 10
5 20
6 41
7 91
8 190
9 393
10 807
11 1661
12 3403
13 6955
14 14177
15 28841
16 58550
17 118660
18 240116
19 485241
20 979415
21 1974748
22 3977822
23 8006001
24 16101403
25 32361370
26 65003707
27 130504866
28 261889785
29 525335435
30 1053419796
31 2111693681
32 4231954310
33 8479021238
34 16984690567
35 34016351256
36 68115462598
37 136376698270
38 273010082967
39 546472030981
40 1093739314115
41 2188877894520
42 4380217310531
43 8764763966536
44 17537141061450
45 35087667564938
46 70198865932942
47 140439091869526
48 280950872798363
49 562029479639005
50 1124283397844182
51 2248961112499261
52 4498614938295215
53 8998446693799415
54 17999030678590121
55 36001815157169981
56 72010222815515685
57 144032022821282373
58 288084375393757322
59 576204448369599086
60 1152471576183076598
61 2305053203032443875
62 4610299621985751927
63 9220938460650322456
64 18442472441913287910
