# Garden-of-Eden count GoE(n) = 2^n - |image| of elementary CA rule 110 on a cyclic lattice of length n (Turing-complete). ABSENT from OEIS (checked 2026-07-19).
# n a(n)  (offset 1). Generated by research/ca-garden-of-eden/gen-data.mjs; verified by verify.mjs.
1 1
2 2
3 3
4 6
5 10
6 23
7 49
8 102
9 210
10 442
11 935
12 1971
13 4134
14 8647
15 18043
16 37542
17 77877
18 161096
19 332405
20 684306
21 1405750
22 2882145
23 5898580
24 12052323
25 24589285
26 50098752
27 101944245
28 207203751
29 420699085
30 853337113
31 1729328211
32 3501640134
33 7084835057
34 14324403849
35 28942378699
36 58441732632
37 117940172547
38 237885143397
39 479573797212
40 966363602802
41 1946417360150
42 3918807526594
43 7886890301747
44 15867264832293
45 31911886352140
46 64160250619978
47 128958860847415
48 259128805271715
49 520555254571982
50 1045469553740867
51 2099208999411120
52 4214107470630648
53 8457980688394274
54 16972432345186007
55 34052000256765160
56 68307255914795055
57 137000123806011482
58 274731822732559813
59 550851574744591482
60 1104336300370372101
61 2213668160410459621
62 4436813793803188665
63 8891608054233042418
64 17817328279524326982
