0 0
1 0
2 1
3 1
4 2
5 1
6 3
7 1
8 4
9 2
10 5
11 1
12 6
13 1
14 7
15 4
16 8
17 1
18 9
19 1
20 10
21 5
22 11
23 1
24 12
25 2
26 13
27 7
28 14
29 1
30 15
31 1
32 16
33 8
34 17
35 3
36 18
37 1
38 19
39 10
40 20
41 1
42 21
43 1
44 22
45 11
46 23
47 1
48 24
49 2
50 25
51 13
52 26
53 1
54 27
55 6
56 28
57 14
58 29
59 1
60 30
61 1
62 31
63 16
64 32
65 7
66 33
67 1
68 34
69 17
70 35
71 1
72 36
73 1
74 37
75 19
76 38
77 4
78 39
79 1
80 40
81 20
82 41
83 1
84 42
85 8
86 43
87 22
88 44
89 1
90 45
91 6
92 46
93 23
94 47
95 9
96 48
97 1
98 49
99 25
100 50
101 1
102 51
103 1
104 52
105 26
106 53
107 1
108 54
109 1
110 55
111 28
112 56
113 1
114 57
115 12
116 58
117 29
118 59
119 9
120 60
121 2
122 61
123 31
124 62
125 13
126 63
127 1
128 64
129 32
130 65
131 1
132 66
133 8
134 67
135 34
136 68
137 1
138 69
139 1
140 70
141 35
142 71
143 3
144 72
145 14
146 73
147 37
148 74
149 1
150 75
151 1
152 76
153 38
154 77
155 16
156 78
157 1
158 79
159 40
160 80
161 10
162 81
163 1
164 82
165 41
166 83
167 1
168 84
169 2
170 85
171 43
172 86
173 1
174 87
175 17
176 88
177 44
178 89
179 1
180 90
181 1
182 91
183 46
184 92
185 18
186 93
187 5
188 94
189 47
190 95
191 1
192 96
193 1
194 97
195 49
196 98
197 1
198 99
199 1
200 100
201 50
202 101
203 11
204 102
205 21
206 103
207 52
208 104
209 7
210 105
211 1
212 106
213 53
214 107
215 22
216 108
217 12
218 109
219 55
220 110
221 4
222 111
223 1
224 112
225 56
226 113
227 1
228 114
229 1
230 115
231 58
232 116
233 1
234 117
235 23
236 118
237 59
238 119
239 1
240 120
241 1
242 121
243 61
244 122
245 24
246 123
247 5
248 124
249 62
250 125
251 1
252 126
253 9
254 127
255 64
256 128
257 1
258 129
259 13
260 130
261 65
262 131
263 1
264 132
265 27
266 133
267 67
268 134
269 1
270 135
271 1
272 136
273 68
274 137
275 28
276 138
277 1
278 139
279 70
280 140
281 1
282 141
283 1
284 142
285 71
286 143
287 15
288 144
289 2
290 145
291 73
292 146
293 1
294 147
295 29
296 148
297 74
298 149
299 8
300 150
301 18
302 151
303 76
304 152
305 31
306 153
307 1
308 154
309 77
310 155
311 1
312 156
313 1
314 157
315 79
316 158
317 1
318 159
319 10
320 160
321 80
322 161
323 3
324 162
325 32
326 163
327 82
328 164
329 19
330 165
331 1
332 166
333 83
334 167
335 33
336 168
337 1
338 169
339 85
340 170
341 13
342 171
343 20
344 172
345 86
346 173
347 1
348 174
349 1
350 175
351 88
352 176
353 1
354 177
355 36
356 178
357 89
358 179
359 1
360 180
361 2
362 181
363 91
364 182
365 37
366 183
367 1
368 184
369 92
370 185
371 22
372 186
373 1
374 187
375 94
376 188
377 9
378 189
379 1
380 190
381 95
382 191
383 1
384 192
385 38
386 193
387 97
388 194
389 1
390 195
391 6
392 196
393 98
394 197
395 39
396 198
397 1
398 199
399 100
400 200
401 1
402 201
403 11
404 202
405 101
406 203
407 12
408 204
409 1
410 205
411 103
412 206
413 23
414 207
415 42
416 208
417 104
418 209
419 1
420 210
421 1
422 211
423 106
424 212
425 43
426 213
427 25
428 214
429 107
430 215
431 1
432 216
433 1
434 217
435 109
436 218
437 4
438 219
439 1
440 220
441 110
442 221
443 1
444 222
445 44
446 223
447 112
448 224
449 1
450 225
451 14
452 226
453 113
454 227
455 46
456 228
457 1
458 229
459 115
460 230
461 1
462 231
463 1
464 232
465 116
466 233
467 1
468 234
469 27
470 235
471 118
472 236
473 15
474 237
475 47
476 238
477 119
478 239
479 1
480 240
481 14
482 241
483 121
484 242
485 48
486 243
487 1
488 244
489 122
490 245
491 1
492 246
493 7
494 247
495 124
496 248
497 29
498 249
499 1
500 250
501 125
502 251
503 1
504 252
505 51
506 253
507 127
508 254
509 1
510 255
511 30
512 256
513 128
514 257
515 52
516 258
517 16
518 259
519 130
520 260
521 1
522 261
523 1
524 262
525 131
526 263
527 10
528 264
529 2
530 265
531 133
532 266
533 12
534 267
535 53
536 268
537 134
538 269
539 31
540 270
541 1
542 271
543 136
544 272
545 54
546 273
547 1
548 274
549 137
550 275
551 6
552 276
553 32
554 277
555 139
556 278
557 1
558 279
559 16
560 280
561 140
562 281
563 1
564 282
565 57
566 283
567 142
568 284
569 1
570 285
571 1
572 286
573 143
574 287
575 58
576 288
577 1
578 289
579 145
580 290
581 33
582 291
583 17
584 292
585 146
586 293
587 1
588 294
589 15
590 295
591 148
592 296
593 1
594 297
595 59
596 298
597 149
598 299
599 1
600 300
601 1
602 301
603 151
604 302
605 61
606 303
607 1
608 304
609 152
610 305
611 15
612 306
613 1
614 307
615 154
616 308
617 1
618 309
619 1
620 310
621 155
622 311
623 34
624 312
625 62
626 313
627 157
628 314
629 11
630 315
631 1
632 316
633 158
634 317
635 63
636 318
637 36
638 319
639 160
640 320
641 1
642 321
643 1
644 322
645 161
646 323
647 1
648 324
649 18
650 325
651 163
652 326
653 1
654 327
655 66
656 328
657 164
658 329
659 1
660 330
661 1
662 331
663 166
664 332
665 67
666 333
667 3
668 334
669 167
670 335
671 19
672 336
673 1
674 337
675 169
676 338
677 1
678 339
679 39
680 340
681 170
682 341
683 1
684 342
685 68
686 343
687 172
688 344
689 18
690 345
691 1
692 346
693 173
694 347
695 69
696 348
697 16
698 349
699 175
700 350
701 1
702 351
703 10
704 352
705 176
706 353
707 40
708 354
709 1
710 355
711 178
712 356
713 5
714 357
715 72
716 358
717 179
718 359
719 1
720 360
721 41
722 361
723 181
724 362
725 73
726 363
727 1
728 364
729 182
730 365
731 12
732 366
733 1
734 367
735 184
736 368
737 20
738 369
739 1
740 370
741 185
742 371
743 1
744 372
745 74
746 373
747 187
748 374
749 43
750 375
751 1
752 376
753 188
754 377
755 76
756 378
757 1
758 379
759 190
760 380
761 1
762 381
763 44
764 382
765 191
766 383
767 17
768 384
769 1
770 385
771 193
772 386
773 1
774 387
775 77
776 388
777 194
778 389
779 11
780 390
781 21
782 391
783 196
784 392
785 78
786 393
787 1
788 394
789 197
790 395
791 45
792 396
793 20
794 397
795 199
796 398
797 1
798 399
799 14
800 400
801 200
802 401
803 23
804 402
805 81
806 403
807 202
808 404
809 1
810 405
811 1
812 406
813 203
814 407
815 82
816 408
817 13
818 409
819 205
820 410
821 1
822 411
823 1
824 412
825 206
826 413
827 1
828 414
829 1
830 415
831 208
832 416
833 48
834 417
835 83
836 418
837 209
838 419
839 1
840 420
841 2
842 421
843 211
844 422
845 84
846 423
847 50
848 424
849 212
850 425
851 7
852 426
853 1
854 427
855 214
856 428
857 1
858 429
859 1
860 430
861 215
862 431
863 1
864 432
865 87
866 433
867 217
868 434
869 24
870 435
871 19
872 436
873 218
874 437
875 88
876 438
877 1
878 439
879 220
880 440
881 1
882 441
883 1
884 442
885 221
886 443
887 1
888 444
889 51
890 445
891 223
892 446
893 12
894 447
895 89
896 448
897 224
898 449
899 4
900 450
901 15
902 451
903 226
904 452
905 91
906 453
907 1
908 454
909 227
910 455
911 1
912 456
913 26
914 457
915 229
916 458
917 52
918 459
919 1
920 460
921 230
922 461
923 22
924 462
925 92
926 463
927 232
928 464
929 1
930 465
931 53
932 466
933 233
934 467
935 93
936 468
937 1
938 469
939 235
940 470
941 1
942 471
943 13
944 472
945 236
946 473
947 1
948 474
949 21
950 475
951 238
952 476
953 1
954 477
955 96
956 478
957 239
958 479
959 54
960 480
961 2
962 481
963 241
964 482
965 97
966 483
967 1
968 484
969 242
970 485
971 1
972 486
973 55
974 487
975 244
976 488
977 1
978 489
979 27
980 490
981 245
982 491
983 1
984 492
985 98
986 493
987 247
988 494
989 11
990 495
991 1
992 496
993 248
994 497
995 99
996 498
997 1
998 499
999 250
1000 500
1001 57
1002 501
1003 19
1004 502
1005 251
1006 503
1007 16
1008 504
1009 1
1010 505
1011 253
1012 506
1013 1
1014 507
1015 102
1016 508
1017 254
1018 509
1019 1
1020 510
1021 1
1022 511
1023 256
1024 512
1025 103
1026 513
1027 23
1028 514
1029 257
1030 515
1031 1
1032 516
1033 1
1034 517
1035 259
1036 518
1037 18
1038 519
1039 1
1040 520
1041 260
1042 521
1043 60
1044 522
1045 104
1046 523
1047 262
1048 524
1049 1
1050 525
1051 1
1052 526
1053 263
1054 527
1055 106
1056 528
1057 61
1058 529
1059 265
1060 530
1061 1
1062 531
1063 1
1064 532
1065 266
1066 533
1067 29
1068 534
1069 1
1070 535
1071 268
1072 536
1073 5
1074 537
1075 107
1076 538
1077 269
1078 539
1079 24
1080 540
1081 18
1082 541
1083 271
1084 542
1085 108
1086 543
1087 1
1088 544
1089 272
1090 545
1091 1
1092 546
1093 1
1094 547
1095 274
1096 548
1097 1
1098 549
1099 62
1100 550
1101 275
1102 551
1103 1
1104 552
1105 111
1106 553
1107 277
1108 554
1109 1
1110 555
1111 30
1112 556
1113 278
1114 557
1115 112
1116 558
1117 1
1118 559
1119 280
1120 560
1121 20
1122 561
1123 1
1124 562
1125 281
1126 563
1127 64
1128 564
1129 1
1130 565
1131 283
1132 566
1133 32
1134 567
1135 113
1136 568
1137 284
1138 569
1139 21
1140 570
1141 65
1142 571
1143 286
1144 572
1145 114
1146 573
1147 3
1148 574
1149 287
1150 575
1151 1
1152 576
1153 1
1154 577
1155 289
1156 578
1157 25
1158 579
1159 17
1160 580
1161 290
1162 581
1163 1
1164 582
1165 117
1166 583
1167 292
1168 584
1169 66
1170 585
1171 1
1172 586
1173 293
1174 587
1175 118
1176 588
1177 34
1178 589
1179 295
1180 590
1181 1
1182 591
1183 69
1184 592
1185 296
1186 593
1187 1
1188 594
1189 8
1190 595
1191 298
1192 596
1193 1
1194 597
1195 119
1196 598
1197 299
1198 599
1199 35
1200 600
1201 1
1202 601
1203 301
1204 602
1205 121
1206 603
1207 20
1208 604
1209 302
1210 605
1211 71
1212 606
1213 1
1214 607
1215 304
1216 608
1217 1
1218 609
1219 14
1220 610
1221 305
1222 611
1223 1
1224 612
1225 122
1226 613
1227 307
1228 614
1229 1
1230 615
1231 1
1232 616
1233 308
1234 617
1235 123
1236 618
1237 1
1238 619
1239 310
1240 620
1241 22
1242 621
1243 36
1244 622
1245 311
1246 623
1247 17
1248 624
1249 1
1250 625
1251 313
1252 626
1253 72
1254 627
1255 126
1256 628
1257 314
1258 629
1259 1
1260 630
1261 27
1262 631
1263 316
1264 632
1265 127
1266 633
1267 73
1268 634
1269 317
1270 635
1271 6
1272 636
1273 18
1274 637
1275 319
1276 638
1277 1
1278 639
1279 1
1280 640
1281 320
1282 641
1283 1
1284 642
1285 128
1286 643
1287 322
1288 644
1289 1
1290 645
1291 1
1292 646
1293 323
1294 647
1295 129
1296 648
1297 1
1298 649
1299 325
1300 650
1301 1
1302 651
1303 1
1304 652
1305 326
1306 653
1307 1
1308 654
1309 75
1310 655
1311 328
1312 656
1313 28
1314 657
1315 132
1316 658
1317 329
1318 659
1319 1
1320 660
1321 1
1322 661
1323 331
1324 662
1325 133
1326 663
1327 1
1328 664
1329 332
1330 665
1331 37
1332 666
1333 7
1334 667
1335 334
1336 668
1337 74
1338 669
1339 30
1340 670
1341 335
1342 671
1343 25
1344 672
1345 134
1346 673
1347 337
1348 674
1349 23
1350 675
1351 76
1352 676
1353 338
1354 677
1355 136
1356 678
1357 15
1358 679
1359 340
1360 680
1361 1
1362 681
1363 13
1364 682
1365 341
1366 683
1367 1
1368 684
1369 2
1370 685
1371 343
1372 686
1373 1
1374 687
1375 137
1376 688
1377 344
1378 689
1379 78
1380 690
1381 1
1382 691
1383 346
1384 692
1385 138
1386 693
1387 24
1388 694
1389 347
1390 695
1391 31
1392 696
1393 80
1394 697
1395 349
1396 698
1397 39
1398 699
1399 1
1400 700
1401 350
1402 701
1403 16
1404 702
1405 141
1406 703
1407 352
1408 704
1409 1
1410 705
1411 23
1412 706
1413 353
1414 707
1415 142
1416 708
1417 33
1418 709
1419 355
1420 710
1421 82
1422 711
1423 1
1424 712
1425 356
1426 713
1427 1
1428 714
1429 1
1430 715
1431 358
1432 716
1433 1
1434 717
1435 143
1436 718
1437 359
1438 719
1439 1
1440 720
1441 40
1442 721
1443 361
1444 722
1445 144
1446 723
1447 1
1448 724
1449 362
1450 725
1451 1
1452 726
1453 1
1454 727
1455 364
1456 728
1457 8
1458 729
1459 1
1460 730
1461 365
1462 731
1463 83
1464 732
1465 147
1466 733
1467 367
1468 734
1469 34
1470 735
1471 1
1472 736
1473 368
1474 737
1475 148
1476 738
1477 85
1478 739
1479 370
1480 740
1481 1
1482 741
1483 1
1484 742
1485 371
1486 743
1487 1
1488 744
1489 1
1490 745
1491 373
1492 746
1493 1
1494 747
1495 149
1496 748
1497 374
1498 749
1499 1
1500 750
1501 21
1502 751
1503 376
1504 752
1505 151
1506 753
1507 42
1508 754
1509 377
1510 755
1511 1
1512 756
1513 24
1514 757
1515 379
1516 758
1517 4
1518 759
1519 86
1520 760
1521 380
1522 761
1523 1
1524 762
1525 152
1526 763
1527 382
1528 764
1529 43
1530 765
1531 1
1532 766
1533 383
1534 767
1535 153
1536 768
1537 12
1538 769
1539 385
1540 770
1541 22
1542 771
1543 1
1544 772
1545 386
1546 773
1547 87
1548 774
1549 1
1550 775
1551 388
1552 776
1553 1
1554 777
1555 156
1556 778
1557 389
1558 779
1559 1
1560 780
1561 90
1562 781
1563 391
1564 782
1565 157
1566 783
1567 1
1568 784
1569 392
1570 785
1571 1
1572 786
1573 45
1574 787
1575 394
1576 788
1577 22
1578 789
1579 1
1580 790
1581 395
1582 791
1583 1
1584 792
1585 158
1586 793
1587 397
1588 794
1589 92
1590 795
1591 6
1592 796
1593 398
1594 797
1595 159
1596 798
1597 1
1598 799
1599 400
1600 800
1601 1
1602 801
1603 93
1604 802
1605 401
1606 803
1607 1
1608 804
1609 1
1610 805
1611 403
1612 806
1613 1
1614 807
1615 162
1616 808
1617 404
1618 809
1619 1
1620 810
1621 1
1622 811
1623 406
1624 812
1625 163
1626 813
1627 1
1628 814
1629 407
1630 815
1631 94
1632 816
1633 19
1634 817
1635 409
1636 818
1637 1
1638 819
1639 46
1640 820
1641 410
1642 821
1643 9
1644 822
1645 164
1646 823
1647 412
1648 824
1649 26
1650 825
1651 35
1652 826
1653 413
1654 827
1655 166
1656 828
1657 1
1658 829
1659 415
1660 830
1661 47
1662 831
1663 1
1664 832
1665 416
1666 833
1667 1
1668 834
1669 1
1670 835
1671 418
1672 836
1673 95
1674 837
1675 167
1676 838
1677 419
1678 839
1679 20
1680 840
1681 2
1682 841
1683 421
1684 842
1685 168
1686 843
1687 96
1688 844
1689 422
1690 845
1691 26
1692 846
1693 1
1694 847
1695 424
1696 848
1697 1
1698 849
1699 1
1700 850
1701 425
1702 851
1703 37
1704 852
1705 171
1706 853
1707 427
1708 854
1709 1
1710 855
1711 16
1712 856
1713 428
1714 857
1715 172
1716 858
1717 27
1718 859
1719 430
1720 860
1721 1
1722 861
1723 1
1724 862
1725 431
1726 863
1727 48
1728 864
1729 97
1730 865
1731 433
1732 866
1733 1
1734 867
1735 173
1736 868
1737 434
1738 869
1739 9
1740 870
1741 1
1742 871
1743 436
1744 872
1745 174
1746 873
1747 1
1748 874
1749 437
1750 875
1751 28
1752 876
1753 1
1754 877
1755 439
1756 878
1757 99
1758 879
1759 1
1760 880
1761 440
1762 881
1763 3
1764 882
1765 177
1766 883
1767 442
1768 884
1769 15
1770 885
1771 101
1772 886
1773 443
1774 887
1775 178
1776 888
1777 1
1778 889
1779 445
1780 890
1781 38
1782 891
1783 1
1784 892
1785 446
1786 893
1787 1
1788 894
1789 1
1790 895
1791 448
1792 896
1793 49
1794 897
1795 179
1796 898
1797 449
1798 899
1799 103
1800 900
1801 1
1802 901
1803 451
1804 902
1805 181
1806 903
1807 40
1808 904
1809 452
1810 905
1811 1
1812 906
1813 104
1814 907
1815 454
1816 908
1817 26
1818 909
1819 29
1820 910
1821 455
1822 911
1823 1
1824 912
1825 182
1826 913
1827 457
1828 914
1829 14
1830 915
1831 1
1832 916
1833 458
1834 917
1835 183
1836 918
1837 51
1838 919
1839 460
1840 920
1841 106
1842 921
1843 25
1844 922
1845 461
1846 923
1847 1
1848 924
1849 2
1850 925
1851 463
1852 926
1853 30
1854 927
1855 186
1856 928
1857 464
1858 929
1859 53
1860 930
1861 1
1862 931
1863 466
1864 932
1865 187
1866 933
1867 1
1868 934
1869 467
1870 935
1871 1
1872 936
1873 1
1874 937
1875 469
1876 938
1877 1
1878 939
1879 1
1880 940
1881 470
1882 941
1883 107
1884 942
1885 188
1886 943
1887 472
1888 944
1889 1
1890 945
1891 21
1892 946
1893 473
1894 947
1895 189
1896 948
1897 109
1898 949
1899 475
1900 950
1901 1
1902 951
1903 52
1904 952
1905 476
1906 953
1907 1
1908 954
1909 21
1910 955
1911 478
1912 956
1913 1
1914 957
1915 192
1916 958
1917 479
1918 959
1919 29
1920 960
1921 31
1922 961
1923 481
1924 962
1925 193
1926 963
1927 5
1928 964
1929 482
1930 965
1931 1
1932 966
1933 1
1934 967
1935 484
1936 968
1937 41
1938 969
1939 111
1940 970
1941 485
1942 971
1943 23
1944 972
1945 194
1946 973
1947 487
1948 974
1949 1
1950 975
1951 1
1952 976
1953 488
1954 977
1955 196
1956 978
1957 27
1958 979
1959 490
1960 980
1961 8
1962 981
1963 42
1964 982
1965 491
1966 983
1967 113
1968 984
1969 54
1970 985
1971 493
1972 986
1973 1
1974 987
1975 197
1976 988
1977 494
1978 989
1979 1
1980 990
1981 114
1982 991
1983 496
1984 992
1985 198
1986 993
1987 1
1988 994
1989 497
1990 995
1991 56
1992 996
1993 1
1994 997
1995 499
1996 998
1997 1
1998 999
1999 1
2000 1000
2001 500
2002 1001
2003 1
2004 1002
2005 201
2006 1003
2007 502
2008 1004
2009 115
2010 1005
2011 1
2012 1006
2013 503
2014 1007
2015 202
2016 1008
2017 1
2018 1009
2019 505
2020 1010
2021 4
2022 1011
2023 116
2024 1012
2025 506
2026 1013
2027 1
2028 1014
2029 1
2030 1015
2031 508
2032 1016
2033 28
2034 1017
2035 203
2036 1018
2037 509
2038 1019
2039 1
2040 1020
2041 43
2042 1021
2043 511
2044 1022
2045 204
2046 1023
2047 28
2048 1024
2049 512
2050 1025
2051 117
2052 1026
2053 1
2054 1027
2055 514
2056 1028
2057 60
2058 1029
2059 18
2060 1030
2061 515
2062 1031
2063 1
2064 1032
2065 207
2066 1033
2067 517
2068 1034
2069 1
2070 1035
2071 31
2072 1036
2073 518
2074 1037
2075 208
2076 1038
2077 17
2078 1039
2079 520
2080 1040
2081 1
2082 1041
2083 1
2084 1042
2085 521
2086 1043
2087 1
2088 1044
2089 1
2090 1045
2091 523
2092 1046
2093 118
2094 1047
2095 209
2096 1048
2097 524
2098 1049
2099 1
2100 1050
2101 59
2102 1051
2103 526
2104 1052
2105 211
2106 1053
2107 120
2108 1054
2109 527
2110 1055
2111 1
2112 1056
2113 1
2114 1057
2115 529
2116 1058
2117 19
2118 1059
2119 44
2120 1060
2121 530
2122 1061
2123 62
2124 1062
2125 212
2126 1063
2127 532
2128 1064
2129 1
2130 1065
2131 1
2132 1066
2133 533
2134 1067
2135 213
2136 1068
2137 1
2138 1069
2139 535
2140 1070
2141 1
2142 1071
2143 1
2144 1072
2145 536
2146 1073
2147 30
2148 1074
2149 123
2150 1075
2151 538
2152 1076
2153 1
2154 1077
2155 216
2156 1078
2157 539
2158 1079
2159 32
2160 1080
2161 1
2162 1081
2163 541
2164 1082
2165 217
2166 1083
2167 63
2168 1084
2169 542
2170 1085
2171 47
2172 1086
2173 7
2174 1087
2175 544
2176 1088
2177 124
2178 1089
2179 1
2180 1090
2181 545
2182 1091
2183 21
2184 1092
2185 218
2186 1093
2187 547
2188 1094
2189 64
2190 1095
2191 125
2192 1096
2193 548
2194 1097
2195 219
2196 1098
2197 48
2198 1099
2199 550
2200 1100
2201 24
2202 1101
2203 1
2204 1102
2205 551
2206 1103
2207 1
2208 1104
2209 2
2210 1105
2211 553
2212 1106
2213 1
2214 1107
2215 222
2216 1108
2217 554
2218 1109
2219 127
2220 1110
2221 1
2222 1111
2223 556
2224 1112
2225 223
2226 1113
2227 33
2228 1114
2229 557
2230 1115
2231 24
2232 1116
2233 128
2234 1117
2235 559
2236 1118
2237 1
2238 1119
2239 1
2240 1120
2241 560
2242 1121
2243 1
2244 1122
2245 224
2246 1123
2247 562
2248 1124
2249 50
2250 1125
2251 1
2252 1126
2253 563
2254 1127
2255 226
2256 1128
2257 22
2258 1129
2259 565
2260 1130
2261 130
2262 1131
2263 18
2264 1132
2265 566
2266 1133
2267 1
2268 1134
2269 1
2270 1135
2271 568
2272 1136
2273 1
2274 1137
2275 227
2276 1138
2277 569
2278 1139
2279 5
2280 1140
2281 1
2282 1141
2283 571
2284 1142
2285 228
2286 1143
2287 1
2288 1144
2289 572
2290 1145
2291 20
2292 1146
2293 1
2294 1147
2295 574
2296 1148
2297 1
2298 1149
2299 65
2300 1150
2301 575
2302 1151
2303 132
2304 1152
2305 231
2306 1153
2307 577
2308 1154
2309 1
2310 1155
2311 1
2312 1156
2313 578
2314 1157
2315 232
2316 1158
2317 134
2318 1159
2319 580
2320 1160
2321 67
2322 1161
2323 25
2324 1162
2325 581
2326 1163
2327 51
2328 1164
2329 35
2330 1165
2331 583
2332 1166
2333 1
2334 1167
2335 233
2336 1168
2337 584
2338 1169
2339 1
2340 1170
2341 1
2342 1171
2343 586
2344 1172
2345 234
2346 1173
2347 1
2348 1174
2349 587
2350 1175
2351 1
2352 1176
2353 54
2354 1177
2355 589
2356 1178
2357 1
2358 1179
2359 135
2360 1180
2361 590
2362 1181
2363 36
2364 1182
2365 237
2366 1183
2367 592
2368 1184
2369 29
2370 1185
2371 1
2372 1186
2373 593
2374 1187
2375 238
2376 1188
2377 1
2378 1189
2379 595
2380 1190
2381 1
2382 1191
2383 1
2384 1192
2385 596
2386 1193
2387 136
2388 1194
2389 1
2390 1195
2391 598
2392 1196
2393 1
2394 1197
2395 239
2396 1198
2397 599
2398 1199
2399 1
2400 1200
2401 137
2402 1201
2403 601
2404 1202
2405 241
2406 1203
2407 25
2408 1204
2409 602
2410 1205
2411 1
2412 1206
2413 33
2414 1207
2415 604
2416 1208
2417 1
2418 1209
2419 9
2420 1210
2421 605
2422 1211
2423 1
2424 1212
2425 242
2426 1213
2427 607
2428 1214
2429 138
2430 1215
2431 70
2432 1216
2433 608
2434 1217
2435 243
2436 1218
2437 1
2438 1219
2439 610
2440 1220
2441 1
2442 1221
2443 139
2444 1222
2445 611
2446 1223
2447 1
2448 1224
2449 19
2450 1225
2451 613
2452 1226
2453 68
2454 1227
2455 246
2456 1228
2457 614
2458 1229
2459 1
2460 1230
2461 27
2462 1231
2463 616
2464 1232
2465 247
2466 1233
2467 1
2468 1234
2469 617
2470 1235
2471 141
2472 1236
2473 1
2474 1237
2475 619
2476 1238
2477 1
2478 1239
2479 15
2480 1240
2481 620
2482 1241
2483 55
2484 1242
2485 248
2486 1243
2487 622
2488 1244
2489 32
2490 1245
2491 3
2492 1246
2493 623
2494 1247
2495 249
2496 1248
2497 69
2498 1249
2499 625
2500 1250
2501 10
2502 1251
2503 1
2504 1252
2505 626
2506 1253
2507 32
2508 1254
2509 56
2510 1255
2511 628
2512 1256
2513 144
2514 1257
2515 252
2516 1258
2517 629
2518 1259
2519 71
2520 1260
2521 1
2522 1261
2523 631
2524 1262
2525 253
2526 1263
2527 145
2528 1264
2529 632
2530 1265
2531 1
2532 1266
2533 37
2534 1267
2535 634
2536 1268
2537 8
2538 1269
2539 1
2540 1270
2541 635
2542 1271
2543 1
2544 1272
2545 254
2546 1273
2547 637
2548 1274
2549 1
2550 1275
2551 1
2552 1276
2553 638
2554 1277
2555 256
2556 1278
2557 1
2558 1279
2559 640
2560 1280
2561 58
2562 1281
2563 73
2564 1282
2565 641
2566 1283
2567 39
2568 1284
2569 146
2570 1285
2571 643
2572 1286
2573 20
2574 1287
2575 257
2576 1288
2577 644
2578 1289
2579 1
2580 1290
2581 21
2582 1291
2583 646
2584 1292
2585 258
2586 1293
2587 59
2588 1294
2589 647
2590 1295
2591 1
2592 1296
2593 1
2594 1297
2595 649
2596 1298
2597 148
2598 1299
2599 33
2600 1300
2601 650
2602 1301
2603 34
2604 1302
2605 261
2606 1303
2607 652
2608 1304
2609 1
2610 1305
2611 149
2612 1306
2613 653
2614 1307
2615 262
2616 1308
2617 1
2618 1309
2619 655
2620 1310
2621 1
2622 1311
2623 9
2624 1312
2625 656
2626 1313
2627 16
2628 1314
2629 76
2630 1315
2631 658
2632 1316
2633 1
2634 1317
2635 263
2636 1318
2637 659
2638 1319
2639 150
2640 1320
2641 35
2642 1321
2643 661
2644 1322
2645 264
2646 1323
2647 1
2648 1324
2649 662
2650 1325
2651 78
2652 1326
2653 153
2654 1327
2655 664
2656 1328
2657 1
2658 1329
2659 1
2660 1330
2661 665
2662 1331
2663 1
2664 1332
2665 267
2666 1333
2667 667
2668 1334
2669 40
2670 1335
2671 1
2672 1336
2673 668
2674 1337
2675 268
2676 1338
2677 1
2678 1339
2679 670
2680 1340
2681 155
2682 1341
2683 1
2684 1342
2685 671
2686 1343
2687 1
2688 1344
2689 1
2690 1345
2691 673
2692 1346
2693 1
2694 1347
2695 269
2696 1348
2697 674
2698 1349
2699 1
2700 1350
2701 17
2702 1351
2703 676
2704 1352
2705 271
2706 1353
2707 1
2708 1354
2709 677
2710 1355
2711 1
2712 1356
2713 1
2714 1357
2715 679
2716 1358
2717 79
2718 1359
2719 1
2720 1360
2721 680
2722 1361
2723 156
2724 1362
2725 272
2726 1363
2727 682
2728 1364
2729 1
2730 1365
2731 1
2732 1366
2733 683
2734 1367
2735 273
2736 1368
2737 157
2738 1369
2739 685
2740 1370
2741 1
2742 1371
2743 60
2744 1372
2745 686
2746 1373
2747 24
2748 1374
2749 1
2750 1375
2751 688
2752 1376
2753 1
2754 1377
2755 276
2756 1378
2757 689
2758 1379
2759 22
2760 1380
2761 80
2762 1381
2763 691
2764 1382
2765 277
2766 1383
2767 1
2768 1384
2769 692
2770 1385
2771 41
2772 1386
2773 6
2774 1387
2775 694
2776 1388
2777 1
2778 1389
2779 158
2780 1390
2781 695
2782 1391
2783 82
2784 1392
2785 278
2786 1393
2787 697
2788 1394
2789 1
2790 1395
2791 1
2792 1396
2793 698
2794 1397
2795 279
2796 1398
2797 1
2798 1399
2799 700
2800 1400
2801 1
2802 1401
2803 1
2804 1402
2805 701
2806 1403
2807 159
2808 1404
2809 2
2810 1405
2811 703
2812 1406
2813 28
2814 1407
2815 282
2816 1408
2817 704
2818 1409
2819 1
2820 1410
2821 160
2822 1411
2823 706
2824 1412
2825 283
2826 1413
2827 81
2828 1414
2829 707
2830 1415
2831 36
2832 1416
2833 1
2834 1417
2835 709
2836 1418
2837 1
2838 1419
2839 42
2840 1420
2841 710
2842 1421
2843 1
2844 1422
2845 284
2846 1423
2847 712
2848 1424
2849 162
2850 1425
2851 1
2852 1426
2853 713
2854 1427
2855 286
2856 1428
2857 1
2858 1429
2859 715
2860 1430
2861 1
2862 1431
2863 165
2864 1432
2865 716
2866 1433
2867 7
2868 1434
2869 37
2870 1435
2871 718
2872 1436
2873 61
2874 1437
2875 287
2876 1438
2877 719
2878 1439
2879 1
2880 1440
2881 10
2882 1441
2883 721
2884 1442
2885 288
2886 1443
2887 1
2888 1444
2889 722
2890 1445
2891 166
2892 1446
2893 84
2894 1447
2895 724
2896 1448
2897 1
2898 1449
2899 62
2900 1450
2901 725
2902 1451
2903 1
2904 1452
2905 291
2906 1453
2907 727
2908 1454
2909 1
2910 1455
2911 17
2912 1456
2913 728
2914 1457
2915 292
2916 1458
2917 1
2918 1459
2919 730
2920 1460
2921 30
2922 1461
2923 27
2924 1462
2925 731
2926 1463
2927 1
2928 1464
2929 24
2930 1465
2931 733
2932 1466
2933 167
2934 1467
2935 293
2936 1468
2937 734
2938 1469
2939 1
2940 1470
2941 44
2942 1471
2943 736
2944 1472
2945 294
2946 1473
2947 169
2948 1474
2949 737
2950 1475
2951 63
2952 1476
2953 1
2954 1477
2955 739
2956 1478
2957 1
2958 1479
2959 85
2960 1480
2961 740
2962 1481
2963 1
2964 1482
2965 297
2966 1483
2967 742
2968 1484
2969 1
2970 1485
2971 1
2972 1486
2973 743
2974 1487
2975 298
2976 1488
2977 64
2978 1489
2979 745
2980 1490
2981 86
2982 1491
2983 39
2984 1492
2985 746
2986 1493
2987 26
2988 1494
2989 170
2990 1495
2991 748
2992 1496
2993 25
2994 1497
2995 299
2996 1498
2997 749
2998 1499
2999 1
3000 1500
3001 1
3002 1501
3003 751
3004 1502
3005 301
3006 1503
3007 30
3008 1504
3009 752
3010 1505
3011 1
3012 1506
3013 31
3014 1507
3015 754
3016 1508
3017 171
3018 1509
3019 1
3020 1510
3021 755
3022 1511
3023 1
3024 1512
3025 302
3026 1513
3027 757
3028 1514
3029 66
3030 1515
3031 174
3032 1516
3033 758
3034 1517
3035 303
3036 1518
3037 1
3038 1519
3039 760
3040 1520
3041 1
3042 1521
3043 45
3044 1522
3045 761
3046 1523
3047 87
3048 1524
3049 1
3050 1525
3051 763
3052 1526
3053 14
3054 1527
3055 306
3056 1528
3057 764
3058 1529
3059 176
3060 1530
3061 1
3062 1531
3063 766
3064 1532
3065 307
3066 1533
3067 1
3068 1534
3069 767
3070 1535
3071 19
3072 1536
3073 177
3074 1537
3075 769
3076 1538
3077 46
3078 1539
3079 1
3080 1540
3081 770
3082 1541
3083 1
3084 1542
3085 308
3086 1543
3087 772
3088 1544
3089 1
3090 1545
3091 89
3092 1546
3093 773
3094 1547
3095 309
3096 1548
3097 40
3098 1549
3099 775
3100 1550
3101 178
3102 1551
3103 30
3104 1552
3105 776
3106 1553
3107 67
3108 1554
3109 1
3110 1555
3111 778
3112 1556
3113 90
3114 1557
3115 312
3116 1558
3117 779
3118 1559
3119 1
3120 1560
3121 1
3122 1561
3123 781
3124 1562
3125 313
3126 1563
3127 4
3128 1564
3129 782
3130 1565
3131 26
3132 1566
3133 71
3134 1567
3135 784
3136 1568
3137 1
3138 1569
3139 26
3140 1570
3141 785
3142 1571
3143 179
3144 1572
3145 314
3146 1573
3147 787
3148 1574
3149 11
3150 1575
3151 36
3152 1576
3153 788
3154 1577
3155 316
3156 1578
3157 180
3158 1579
3159 790
3160 1580
3161 27
3162 1581
3163 1
3164 1582
3165 791
3166 1583
3167 1
3168 1584
3169 1
3170 1585
3171 793
3172 1586
3173 41
3174 1587
3175 317
3176 1588
3177 794
3178 1589
3179 92
3180 1590
3181 1
3182 1591
3183 796
3184 1592
3185 318
3186 1593
3187 1
3188 1594
3189 797
3190 1595
3191 1
3192 1596
3193 25
3194 1597
3195 799
3196 1598
3197 34
3198 1599
3199 181
3200 1600
3201 800
3202 1601
3203 1
3204 1602
3205 321
3206 1603
3207 802
3208 1604
3209 1
3210 1605
3211 73
3212 1606
3213 803
3214 1607
3215 322
3216 1608
3217 1
3218 1609
3219 805
3220 1610
3221 1
3222 1611
3223 94
3224 1612
3225 806
3226 1613
3227 183
3228 1614
3229 1
3230 1615
3231 808
3232 1616
3233 6
3234 1617
3235 323
3236 1618
3237 809
3238 1619
3239 18
3240 1620
3241 185
3242 1621
3243 811
3244 1622
3245 324
3246 1623
3247 47
3248 1624
3249 812
3250 1625
3251 1
3252 1626
3253 1
3254 1627
3255 814
3256 1628
3257 1
3258 1629
3259 1
3260 1630
3261 815
3262 1631
3263 74
3264 1632
3265 327
3266 1633
3267 817
3268 1634
3269 187
3270 1635
3271 1
3272 1636
3273 818
3274 1637
3275 328
3276 1638
3277 32
3278 1639
3279 820
3280 1640
3281 49
3282 1641
3283 188
3284 1642
3285 821
3286 1643
3287 42
3288 1644
3289 95
3290 1645
3291 823
3292 1646
3293 20
3294 1647
3295 329
3296 1648
3297 824
3298 1649
3299 1
3300 1650
3301 1
3302 1651
3303 826
3304 1652
3305 331
3306 1653
3307 1
3308 1654
3309 827
3310 1655
3311 191
3312 1656
3313 1
3314 1657
3315 829
3316 1658
3317 32
3318 1659
3319 1
3320 1660
3321 830
3322 1661
3323 1
3324 1662
3325 332
3326 1663
3327 832
3328 1664
3329 1
3330 1665
3331 1
3332 1666
3333 833
3334 1667
3335 333
3336 1668
3337 10
3338 1669
3339 835
3340 1670
3341 75
3342 1671
3343 1
3344 1672
3345 836
3346 1673
3347 1
3348 1674
3349 50
3350 1675
3351 838
3352 1676
3353 190
3354 1677
3355 336
3356 1678
3357 839
3358 1679
3359 1
3360 1680
3361 1
3362 1681
3363 841
3364 1682
3365 337
3366 1683
3367 192
3368 1684
3369 842
3370 1685
3371 1
3372 1686
3373 1
3374 1687
3375 844
3376 1688
3377 96
3378 1689
3379 28
3380 1690
3381 845
3382 1691
3383 52
3384 1692
3385 338
3386 1693
3387 847
3388 1694
3389 1
3390 1695
3391 1
3392 1696
3393 848
3394 1697
3395 339
3396 1698
3397 28
3398 1699
3399 850
3400 1700
3401 44
3402 1701
3403 27
3404 1702
3405 851
3406 1703
3407 1
3408 1704
3409 195
3410 1705
3411 853
3412 1706
3413 1
3414 1707
3415 342
3416 1708
3417 854
3418 1709
3419 76
3420 1710
3421 97
3422 1711
3423 856
3424 1712
3425 343
3426 1713
3427 35
3428 1714
3429 857
3430 1715
3431 27
3432 1716
3433 1
3434 1717
3435 859
3436 1718
3437 197
3438 1719
3439 45
3440 1720
3441 860
3442 1721
3443 98
3444 1722
3445 344
3446 1723
3447 862
3448 1724
3449 1
3450 1725
3451 198
3452 1726
3453 863
3454 1727
3455 346
3456 1728
3457 1
3458 1729
3459 865
3460 1730
3461 1
3462 1731
3463 1
3464 1732
3465 866
3466 1733
3467 1
3468 1734
3469 1
3470 1735
3471 868
3472 1736
3473 38
3474 1737
3475 347
3476 1738
3477 869
3478 1739
3479 199
3480 1740
3481 2
3482 1741
3483 871
3484 1742
3485 348
3486 1743
3487 100
3488 1744
3489 872
3490 1745
3491 1
3492 1746
3493 200
3494 1747
3495 874
3496 1748
3497 77
3498 1749
3499 1
3500 1750
3501 875
3502 1751
3503 27
3504 1752
3505 351
3506 1753
3507 877
3508 1754
3509 103
3510 1755
3511 1
3512 1756
3513 878
3514 1757
3515 352
3516 1758
3517 1
3518 1759
3519 880
3520 1760
3521 201
3522 1761
3523 80
3524 1762
3525 881
3526 1763
3527 1
3528 1764
3529 1
3530 1765
3531 883
3532 1766
3533 1
3534 1767
3535 353
3536 1768
3537 884
3538 1769
3539 1
3540 1770
3541 1
3542 1771
3543 886
3544 1772
3545 354
3546 1773
3547 1
3548 1774
3549 887
3550 1775
3551 13
3552 1776
3553 105
3554 1777
3555 889
3556 1778
3557 1
3558 1779
3559 1
3560 1780
3561 890
3562 1781
3563 202
3564 1782
3565 357
3566 1783
3567 892
3568 1784
3569 29
3570 1785
3571 1
3572 1786
3573 893
3574 1787
3575 358
3576 1788
3577 204
3578 1789
3579 895
3580 1790
3581 1
3582 1791
3583 1
3584 1792
3585 896
3586 1793
3587 53
3588 1794
3589 23
3590 1795
3591 898
3592 1796
3593 1
3594 1797
3595 359
3596 1798
3597 899
3598 1799
3599 3
3600 1800
3601 81
3602 1801
3603 901
3604 1802
3605 361
3606 1803
3607 1
3608 1804
3609 902
3610 1805
3611 37
3612 1806
3613 1
3614 1807
3615 904
3616 1808
3617 1
3618 1809
3619 208
3620 1810
3621 905
3622 1811
3623 1
3624 1812
3625 362
3626 1813
3627 907
3628 1814
3629 46
3630 1815
3631 1
3632 1816
3633 908
3634 1817
3635 363
3636 1818
3637 1
3638 1819
3639 910
3640 1820
3641 102
3642 1821
3643 1
3644 1822
3645 911
3646 1823
3647 206
3648 1824
3649 19
3650 1825
3651 913
3652 1826
3653 82
3654 1827
3655 366
3656 1828
3657 914
3658 1829
3659 1
3660 1830
3661 209
3662 1831
3663 916
3664 1832
3665 367
3666 1833
3667 48
3668 1834
3669 917
3670 1835
3671 1
3672 1836
3673 1
3674 1837
3675 919
3676 1838
3677 1
3678 1839
3679 83
3680 1840
3681 920
3682 1841
3683 31
3684 1842
3685 368
3686 1843
3687 922
3688 1844
3689 211
3690 1845
3691 1
3692 1846
3693 923
3694 1847
3695 369
3696 1848
3697 1
3698 1849
3699 925
3700 1850
3701 1
3702 1851
3703 212
3704 1852
3705 926
3706 1853
3707 106
3708 1854
3709 1
3710 1855
3711 928
3712 1856
3713 17
3714 1857
3715 372
3716 1858
3717 929
3718 1859
3719 1
3720 1860
3721 2
3722 1861
3723 931
3724 1862
3725 373
3726 1863
3727 1
3728 1864
3729 932
3730 1865
3731 214
3732 1866
3733 1
3734 1867
3735 934
3736 1868
3737 31
3738 1869
3739 1
3740 1870
3741 935
3742 1871
3743 49
3744 1872
3745 374
3746 1873
3747 937
3748 1874
3749 39
3750 1875
3751 109
3752 1876
3753 938
3754 1877
3755 376
3756 1878
3757 86
3758 1879
3759 940
3760 1880
3761 1
3762 1881
3763 11
3764 1882
3765 941
3766 1883
3767 1
3768 1884
3769 1
3770 1885
3771 943
3772 1886
3773 216
3774 1887
3775 377
3776 1888
3777 944
3778 1889
3779 1
3780 1890
3781 50
3782 1891
3783 946
3784 1892
3785 378
3786 1893
3787 218
3788 1894
3789 947
3790 1895
3791 54
3792 1896
3793 1
3794 1897
3795 949
3796 1898
3797 1
3798 1899
3799 34
3800 1900
3801 950
3802 1901
3803 1
3804 1902
3805 381
3806 1903
3807 952
3808 1904
3809 85
3810 1905
3811 24
3812 1906
3813 953
3814 1907
3815 382
3816 1908
3817 108
3818 1909
3819 955
3820 1910
3821 1
3822 1911
3823 1
3824 1912
3825 956
3826 1913
3827 23
3828 1914
3829 219
3830 1915
3831 958
3832 1916
3833 1
3834 1917
3835 383
3836 1918
3837 959
3838 1919
3839 111
3840 1920
3841 40
3842 1921
3843 961
3844 1922
3845 384
3846 1923
3847 1
3848 1924
3849 962
3850 1925
3851 1
3852 1926
3853 1
3854 1927
3855 964
3856 1928
3857 220
3858 1929
3859 55
3860 1930
3861 965
3862 1931
3863 1
3864 1932
3865 387
3866 1933
3867 967
3868 1934
3869 10
3870 1935
3871 221
3872 1936
3873 968
3874 1937
3875 388
3876 1938
3877 1
3878 1939
3879 970
3880 1940
3881 1
3882 1941
3883 112
3884 1942
3885 971
3886 1943
3887 89
3888 1944
3889 1
3890 1945
3891 973
3892 1946
3893 56
3894 1947
3895 389
3896 1948
3897 974
3898 1949
3899 222
3900 1950
3901 28
3902 1951
3903 976
3904 1952
3905 391
3906 1953
3907 1
3908 1954
3909 977
3910 1955
3911 1
3912 1956
3913 223
3914 1957
3915 979
3916 1958
3917 1
3918 1959
3919 1
3920 1960
3921 980
3922 1961
3923 1
3924 1962
3925 392
3926 1963
3927 982
3928 1964
3929 1
3930 1965
3931 1
3932 1966
3933 983
3934 1967
3935 393
3936 1968
3937 29
3938 1969
3939 985
3940 1970
3941 225
3942 1971
3943 1
3944 1972
3945 986
3946 1973
3947 1
3948 1974
3949 113
3950 1975
3951 988
3952 1976
3953 5
3954 1977
3955 396
3956 1978
3957 989
3958 1979
3959 25
3960 1980
3961 57
3962 1981
3963 991
3964 1982
3965 397
3966 1983
3967 1
3968 1984
3969 992
3970 1985
3971 115
3972 1986
3973 33
3974 1987
3975 994
3976 1988
3977 20
3978 1989
3979 41
3980 1990
3981 995
3982 1991
3983 228
3984 1992
3985 398
3986 1993
3987 997
3988 1994
3989 1
3990 1995
3991 90
3992 1996
3993 998
3994 1997
3995 399
3996 1998
3997 229
3998 1999
3999 1000
4000 2000
4001 1
4002 2001
4003 1
4004 2002
4005 1001
4006 2003
4007 1
4008 2004
4009 51
4010 2005
4011 1003
4012 2006
4013 1
4014 2007
4015 402
4016 2008
4017 1004
4018 2009
4019 1
4020 2010
4021 1
4022 2011
4023 1006
4024 2012
4025 403
4026 2013
4027 1
4028 2014
4029 1007
4030 2015
4031 37
4032 2016
4033 26
4034 2017
4035 1009
4036 2018
4037 114
4038 2019
4039 230
4040 2020
4041 1010
4042 2021
4043 92
4044 2022
4045 404
4046 2023
4047 1012
4048 2024
4049 1
4050 2025
4051 1
4052 2026
4053 1013
4054 2027
4055 406
4056 2028
4057 1
4058 2029
4059 1015
4060 2030
4061 35
4062 2031
4063 58
4064 2032
4065 1016
4066 2033
4067 232
4068 2034
4069 93
4070 2035
4071 1018
4072 2036
4073 1
4074 2037
4075 407
4076 2038
4077 1019
4078 2039
4079 1
4080 2040
4081 233
4082 2041
4083 1021
4084 2042
4085 408
4086 2043
4087 4
4088 2044
4089 1022
4090 2045
4091 1
4092 2046
4093 1
4094 2047
4095 1024
4096 2048
