0 0
1 1
2 0
3 2
4 0
5 3
6 0
7 4
8 0
9 2
10 0
11 5
12 0
13 6
14 0
15 2
16 0
17 7
18 0
19 8
20 0
21 2
22 0
23 9
24 0
25 3
26 0
27 2
28 0
29 10
30 0
31 11
32 0
33 2
34 0
35 3
36 0
37 12
38 0
39 2
40 0
41 13
42 0
43 14
44 0
45 2
46 0
47 15
48 0
49 4
50 0
51 2
52 0
53 16
54 0
55 3
56 0
57 2
58 0
59 17
60 0
61 18
62 0
63 2
64 0
65 3
66 0
67 19
68 0
69 2
70 0
71 20
72 0
73 21
74 0
75 2
76 0
77 4
78 0
79 22
80 0
81 2
82 0
83 23
84 0
85 3
86 0
87 2
88 0
89 24
90 0
91 4
92 0
93 2
94 0
95 3
96 0
97 25
98 0
99 2
100 0
101 26
102 0
103 27
104 0
105 2
106 0
107 28
108 0
109 29
110 0
111 2
112 0
113 30
114 0
115 3
116 0
117 2
118 0
119 4
120 0
121 5
122 0
123 2
124 0
125 3
126 0
127 31
128 0
129 2
130 0
131 32
132 0
133 4
134 0
135 2
136 0
137 33
138 0
139 34
140 0
141 2
142 0
143 5
144 0
145 3
146 0
147 2
148 0
149 35
150 0
151 36
152 0
153 2
154 0
155 3
156 0
157 37
158 0
159 2
160 0
161 4
162 0
163 38
164 0
165 2
166 0
167 39
168 0
169 6
170 0
171 2
172 0
173 40
174 0
175 3
176 0
177 2
178 0
179 41
180 0
181 42
182 0
183 2
184 0
185 3
186 0
187 5
188 0
189 2
190 0
191 43
192 0
193 44
194 0
195 2
196 0
197 45
198 0
199 46
200 0
201 2
202 0
203 4
204 0
205 3
206 0
207 2
208 0
209 5
210 0
211 47
212 0
213 2
214 0
215 3
216 0
217 4
218 0
219 2
220 0
221 6
222 0
223 48
224 0
225 2
226 0
227 49
228 0
229 50
230 0
231 2
232 0
233 51
234 0
235 3
236 0
237 2
238 0
239 52
240 0
241 53
242 0
243 2
244 0
245 3
246 0
247 6
248 0
249 2
250 0
251 54
252 0
253 5
254 0
255 2
256 0
257 55
258 0
259 4
260 0
261 2
262 0
263 56
264 0
265 3
266 0
267 2
268 0
269 57
270 0
271 58
272 0
273 2
274 0
275 3
276 0
277 59
278 0
279 2
280 0
281 60
282 0
283 61
284 0
285 2
286 0
287 4
288 0
289 7
290 0
291 2
292 0
293 62
294 0
295 3
296 0
297 2
298 0
299 6
300 0
301 4
302 0
303 2
304 0
305 3
306 0
307 63
308 0
309 2
310 0
311 64
312 0
313 65
314 0
315 2
316 0
317 66
318 0
319 5
320 0
321 2
322 0
323 7
324 0
325 3
326 0
327 2
328 0
329 4
330 0
331 67
332 0
333 2
334 0
335 3
336 0
337 68
338 0
339 2
340 0
341 5
342 0
343 4
344 0
345 2
346 0
347 69
348 0
349 70
350 0
351 2
352 0
353 71
354 0
355 3
356 0
357 2
358 0
359 72
360 0
361 8
362 0
363 2
364 0
365 3
366 0
367 73
368 0
369 2
370 0
371 4
372 0
373 74
374 0
375 2
376 0
377 6
378 0
379 75
380 0
381 2
382 0
383 76
384 0
385 3
386 0
387 2
388 0
389 77
390 0
391 7
392 0
393 2
394 0
395 3
396 0
397 78
398 0
399 2
400 0
401 79
402 0
403 6
404 0
405 2
406 0
407 5
408 0
409 80
410 0
411 2
412 0
413 4
414 0
415 3
416 0
417 2
418 0
419 81
420 0
421 82
422 0
423 2
424 0
425 3
426 0
427 4
428 0
429 2
430 0
431 83
432 0
433 84
434 0
435 2
436 0
437 8
438 0
439 85
440 0
441 2
442 0
443 86
444 0
445 3
446 0
447 2
448 0
449 87
450 0
451 5
452 0
453 2
454 0
455 3
456 0
457 88
458 0
459 2
460 0
461 89
462 0
463 90
464 0
465 2
466 0
467 91
468 0
469 4
470 0
471 2
472 0
473 5
474 0
475 3
476 0
477 2
478 0
479 92
480 0
481 6
482 0
483 2
484 0
485 3
486 0
487 93
488 0
489 2
490 0
491 94
492 0
493 7
494 0
495 2
496 0
497 4
498 0
499 95
500 0
501 2
502 0
503 96
504 0
505 3
506 0
507 2
508 0
509 97
510 0
511 4
512 0
513 2
514 0
515 3
516 0
517 5
518 0
519 2
520 0
521 98
522 0
523 99
524 0
525 2
526 0
527 7
528 0
529 9
530 0
531 2
532 0
533 6
534 0
535 3
536 0
537 2
538 0
539 4
540 0
541 100
542 0
543 2
544 0
545 3
546 0
547 101
548 0
549 2
550 0
551 8
552 0
553 4
554 0
555 2
556 0
557 102
558 0
559 6
560 0
561 2
562 0
563 103
564 0
565 3
566 0
567 2
568 0
569 104
570 0
571 105
572 0
573 2
574 0
575 3
576 0
577 106
578 0
579 2
580 0
581 4
582 0
583 5
584 0
585 2
586 0
587 107
588 0
589 8
590 0
591 2
592 0
593 108
594 0
595 3
596 0
597 2
598 0
599 109
600 0
601 110
602 0
603 2
604 0
605 3
606 0
607 111
608 0
609 2
610 0
611 6
612 0
613 112
614 0
615 2
616 0
617 113
618 0
619 114
620 0
621 2
622 0
623 4
624 0
625 3
626 0
627 2
628 0
629 7
630 0
631 115
632 0
633 2
634 0
635 3
636 0
637 4
638 0
639 2
640 0
641 116
642 0
643 117
644 0
645 2
646 0
647 118
648 0
649 5
650 0
651 2
652 0
653 119
654 0
655 3
656 0
657 2
658 0
659 120
660 0
661 121
662 0
663 2
664 0
665 3
666 0
667 9
668 0
669 2
670 0
671 5
672 0
673 122
674 0
675 2
676 0
677 123
678 0
679 4
680 0
681 2
682 0
683 124
684 0
685 3
686 0
687 2
688 0
689 6
690 0
691 125
692 0
693 2
694 0
695 3
696 0
697 7
698 0
699 2
700 0
701 126
702 0
703 8
704 0
705 2
706 0
707 4
708 0
709 127
710 0
711 2
712 0
713 9
714 0
715 3
716 0
717 2
718 0
719 128
720 0
721 4
722 0
723 2
724 0
725 3
726 0
727 129
728 0
729 2
730 0
731 7
732 0
733 130
734 0
735 2
736 0
737 5
738 0
739 131
740 0
741 2
742 0
743 132
744 0
745 3
746 0
747 2
748 0
749 4
750 0
751 133
752 0
753 2
754 0
755 3
756 0
757 134
758 0
759 2
760 0
761 135
762 0
763 4
764 0
765 2
766 0
767 6
768 0
769 136
770 0
771 2
772 0
773 137
774 0
775 3
776 0
777 2
778 0
779 8
780 0
781 5
782 0
783 2
784 0
785 3
786 0
787 138
788 0
789 2
790 0
791 4
792 0
793 6
794 0
795 2
796 0
797 139
798 0
799 7
800 0
801 2
802 0
803 5
804 0
805 3
806 0
807 2
808 0
809 140
810 0
811 141
812 0
813 2
814 0
815 3
816 0
817 8
818 0
819 2
820 0
821 142
822 0
823 143
824 0
825 2
826 0
827 144
828 0
829 145
830 0
831 2
832 0
833 4
834 0
835 3
836 0
837 2
838 0
839 146
840 0
841 10
842 0
843 2
844 0
845 3
846 0
847 4
848 0
849 2
850 0
851 9
852 0
853 147
854 0
855 2
856 0
857 148
858 0
859 149
860 0
861 2
862 0
863 150
864 0
865 3
866 0
867 2
868 0
869 5
870 0
871 6
872 0
873 2
874 0
875 3
876 0
877 151
878 0
879 2
880 0
881 152
882 0
883 153
884 0
885 2
886 0
887 154
888 0
889 4
890 0
891 2
892 0
893 8
894 0
895 3
896 0
897 2
898 0
899 10
900 0
901 7
902 0
903 2
904 0
905 3
906 0
907 155
908 0
909 2
910 0
911 156
912 0
913 5
914 0
915 2
916 0
917 4
918 0
919 157
920 0
921 2
922 0
923 6
924 0
925 3
926 0
927 2
928 0
929 158
930 0
931 4
932 0
933 2
934 0
935 3
936 0
937 159
938 0
939 2
940 0
941 160
942 0
943 9
944 0
945 2
946 0
947 161
948 0
949 6
950 0
951 2
952 0
953 162
954 0
955 3
956 0
957 2
958 0
959 4
960 0
961 11
962 0
963 2
964 0
965 3
966 0
967 163
968 0
969 2
970 0
971 164
972 0
973 4
974 0
975 2
976 0
977 165
978 0
979 5
980 0
981 2
982 0
983 166
984 0
985 3
986 0
987 2
988 0
989 9
990 0
991 167
992 0
993 2
994 0
995 3
996 0
997 168
998 0
999 2
1000 0
1001 4
1002 0
1003 7
1004 0
1005 2
1006 0
1007 8
1008 0
1009 169
1010 0
1011 2
1012 0
1013 170
1014 0
1015 3
1016 0
1017 2
1018 0
1019 171
1020 0
1021 172
1022 0
1023 2
1024 0
1025 3
1026 0
1027 6
1028 0
1029 2
1030 0
1031 173
1032 0
1033 174
1034 0
1035 2
1036 0
1037 7
1038 0
1039 175
1040 0
1041 2
1042 0
1043 4
1044 0
1045 3
1046 0
1047 2
1048 0
1049 176
1050 0
1051 177
1052 0
1053 2
1054 0
1055 3
1056 0
1057 4
1058 0
1059 2
1060 0
1061 178
1062 0
1063 179
1064 0
1065 2
1066 0
1067 5
1068 0
1069 180
1070 0
1071 2
1072 0
1073 10
1074 0
1075 3
1076 0
1077 2
1078 0
1079 6
1080 0
1081 9
1082 0
1083 2
1084 0
1085 3
1086 0
1087 181
1088 0
1089 2
1090 0
1091 182
1092 0
1093 183
1094 0
1095 2
1096 0
1097 184
1098 0
1099 4
1100 0
1101 2
1102 0
1103 185
1104 0
1105 3
1106 0
1107 2
1108 0
1109 186
1110 0
1111 5
1112 0
1113 2
1114 0
1115 3
1116 0
1117 187
1118 0
1119 2
1120 0
1121 8
1122 0
1123 188
1124 0
1125 2
1126 0
1127 4
1128 0
1129 189
1130 0
1131 2
1132 0
1133 5
1134 0
1135 3
1136 0
1137 2
1138 0
1139 7
1140 0
1141 4
1142 0
1143 2
1144 0
1145 3
1146 0
1147 11
1148 0
1149 2
1150 0
1151 190
1152 0
1153 191
1154 0
1155 2
1156 0
1157 6
1158 0
1159 8
1160 0
1161 2
1162 0
1163 192
1164 0
1165 3
1166 0
1167 2
1168 0
1169 4
1170 0
1171 193
1172 0
1173 2
1174 0
1175 3
1176 0
1177 5
1178 0
1179 2
1180 0
1181 194
1182 0
1183 4
1184 0
1185 2
1186 0
1187 195
1188 0
1189 10
1190 0
1191 2
1192 0
1193 196
1194 0
1195 3
1196 0
1197 2
1198 0
1199 5
1200 0
1201 197
1202 0
1203 2
1204 0
1205 3
1206 0
1207 7
1208 0
1209 2
1210 0
1211 4
1212 0
1213 198
1214 0
1215 2
1216 0
1217 199
1218 0
1219 9
1220 0
1221 2
1222 0
1223 200
1224 0
1225 3
1226 0
1227 2
1228 0
1229 201
1230 0
1231 202
1232 0
1233 2
1234 0
1235 3
1236 0
1237 203
1238 0
1239 2
1240 0
1241 7
1242 0
1243 5
1244 0
1245 2
1246 0
1247 10
1248 0
1249 204
1250 0
1251 2
1252 0
1253 4
1254 0
1255 3
1256 0
1257 2
1258 0
1259 205
1260 0
1261 6
1262 0
1263 2
1264 0
1265 3
1266 0
1267 4
1268 0
1269 2
1270 0
1271 11
1272 0
1273 8
1274 0
1275 2
1276 0
1277 206
1278 0
1279 207
1280 0
1281 2
1282 0
1283 208
1284 0
1285 3
1286 0
1287 2
1288 0
1289 209
1290 0
1291 210
1292 0
1293 2
1294 0
1295 3
1296 0
1297 211
1298 0
1299 2
1300 0
1301 212
1302 0
1303 213
1304 0
1305 2
1306 0
1307 214
1308 0
1309 4
1310 0
1311 2
1312 0
1313 6
1314 0
1315 3
1316 0
1317 2
1318 0
1319 215
1320 0
1321 216
1322 0
1323 2
1324 0
1325 3
1326 0
1327 217
1328 0
1329 2
1330 0
1331 5
1332 0
1333 11
1334 0
1335 2
1336 0
1337 4
1338 0
1339 6
1340 0
1341 2
1342 0
1343 7
1344 0
1345 3
1346 0
1347 2
1348 0
1349 8
1350 0
1351 4
1352 0
1353 2
1354 0
1355 3
1356 0
1357 9
1358 0
1359 2
1360 0
1361 218
1362 0
1363 10
1364 0
1365 2
1366 0
1367 219
1368 0
1369 12
1370 0
1371 2
1372 0
1373 220
1374 0
1375 3
1376 0
1377 2
1378 0
1379 4
1380 0
1381 221
1382 0
1383 2
1384 0
1385 3
1386 0
1387 8
1388 0
1389 2
1390 0
1391 6
1392 0
1393 4
1394 0
1395 2
1396 0
1397 5
1398 0
1399 222
1400 0
1401 2
1402 0
1403 9
1404 0
1405 3
1406 0
1407 2
1408 0
1409 223
1410 0
1411 7
1412 0
1413 2
1414 0
1415 3
1416 0
1417 6
1418 0
1419 2
1420 0
1421 4
1422 0
1423 224
1424 0
1425 2
1426 0
1427 225
1428 0
1429 226
1430 0
1431 2
1432 0
1433 227
1434 0
1435 3
1436 0
1437 2
1438 0
1439 228
1440 0
1441 5
1442 0
1443 2
1444 0
1445 3
1446 0
1447 229
1448 0
1449 2
1450 0
1451 230
1452 0
1453 231
1454 0
1455 2
1456 0
1457 11
1458 0
1459 232
1460 0
1461 2
1462 0
1463 4
1464 0
1465 3
1466 0
1467 2
1468 0
1469 6
1470 0
1471 233
1472 0
1473 2
1474 0
1475 3
1476 0
1477 4
1478 0
1479 2
1480 0
1481 234
1482 0
1483 235
1484 0
1485 2
1486 0
1487 236
1488 0
1489 237
1490 0
1491 2
1492 0
1493 238
1494 0
1495 3
1496 0
1497 2
1498 0
1499 239
1500 0
1501 8
1502 0
1503 2
1504 0
1505 3
1506 0
1507 5
1508 0
1509 2
1510 0
1511 240
1512 0
1513 7
1514 0
1515 2
1516 0
1517 12
1518 0
1519 4
1520 0
1521 2
1522 0
1523 241
1524 0
1525 3
1526 0
1527 2
1528 0
1529 5
1530 0
1531 242
1532 0
1533 2
1534 0
1535 3
1536 0
1537 10
1538 0
1539 2
1540 0
1541 9
1542 0
1543 243
1544 0
1545 2
1546 0
1547 4
1548 0
1549 244
1550 0
1551 2
1552 0
1553 245
1554 0
1555 3
1556 0
1557 2
1558 0
1559 246
1560 0
1561 4
1562 0
1563 2
1564 0
1565 3
1566 0
1567 247
1568 0
1569 2
1570 0
1571 248
1572 0
1573 5
1574 0
1575 2
1576 0
1577 8
1578 0
1579 249
1580 0
1581 2
1582 0
1583 250
1584 0
1585 3
1586 0
1587 2
1588 0
1589 4
1590 0
1591 12
1592 0
1593 2
1594 0
1595 3
1596 0
1597 251
1598 0
1599 2
1600 0
1601 252
1602 0
1603 4
1604 0
1605 2
1606 0
1607 253
1608 0
1609 254
1610 0
1611 2
1612 0
1613 255
1614 0
1615 3
1616 0
1617 2
1618 0
1619 256
1620 0
1621 257
1622 0
1623 2
1624 0
1625 3
1626 0
1627 258
1628 0
1629 2
1630 0
1631 4
1632 0
1633 9
1634 0
1635 2
1636 0
1637 259
1638 0
1639 5
1640 0
1641 2
1642 0
1643 11
1644 0
1645 3
1646 0
1647 2
1648 0
1649 7
1650 0
1651 6
1652 0
1653 2
1654 0
1655 3
1656 0
1657 260
1658 0
1659 2
1660 0
1661 5
1662 0
1663 261
1664 0
1665 2
1666 0
1667 262
1668 0
1669 263
1670 0
1671 2
1672 0
1673 4
1674 0
1675 3
1676 0
1677 2
1678 0
1679 9
1680 0
1681 13
1682 0
1683 2
1684 0
1685 3
1686 0
1687 4
1688 0
1689 2
1690 0
1691 8
1692 0
1693 264
1694 0
1695 2
1696 0
1697 265
1698 0
1699 266
1700 0
1701 2
1702 0
1703 6
1704 0
1705 3
1706 0
1707 2
1708 0
1709 267
1710 0
1711 10
1712 0
1713 2
1714 0
1715 3
1716 0
1717 7
1718 0
1719 2
1720 0
1721 268
1722 0
1723 269
1724 0
1725 2
1726 0
1727 5
1728 0
1729 4
1730 0
1731 2
1732 0
1733 270
1734 0
1735 3
1736 0
1737 2
1738 0
1739 12
1740 0
1741 271
1742 0
1743 2
1744 0
1745 3
1746 0
1747 272
1748 0
1749 2
1750 0
1751 7
1752 0
1753 273
1754 0
1755 2
1756 0
1757 4
1758 0
1759 274
1760 0
1761 2
1762 0
1763 13
1764 0
1765 3
1766 0
1767 2
1768 0
1769 10
1770 0
1771 4
1772 0
1773 2
1774 0
1775 3
1776 0
1777 275
1778 0
1779 2
1780 0
1781 6
1782 0
1783 276
1784 0
1785 2
1786 0
1787 277
1788 0
1789 278
1790 0
1791 2
1792 0
1793 5
1794 0
1795 3
1796 0
1797 2
1798 0
1799 4
1800 0
1801 279
1802 0
1803 2
1804 0
1805 3
1806 0
1807 6
1808 0
1809 2
1810 0
1811 280
1812 0
1813 4
1814 0
1815 2
1816 0
1817 9
1818 0
1819 7
1820 0
1821 2
1822 0
1823 281
1824 0
1825 3
1826 0
1827 2
1828 0
1829 11
1830 0
1831 282
1832 0
1833 2
1834 0
1835 3
1836 0
1837 5
1838 0
1839 2
1840 0
1841 4
1842 0
1843 8
1844 0
1845 2
1846 0
1847 283
1848 0
1849 14
1850 0
1851 2
1852 0
1853 7
1854 0
1855 3
1856 0
1857 2
1858 0
1859 5
1860 0
1861 284
1862 0
1863 2
1864 0
1865 3
1866 0
1867 285
1868 0
1869 2
1870 0
1871 286
1872 0
1873 287
1874 0
1875 2
1876 0
1877 288
1878 0
1879 289
1880 0
1881 2
1882 0
1883 4
1884 0
1885 3
1886 0
1887 2
1888 0
1889 290
1890 0
1891 11
1892 0
1893 2
1894 0
1895 3
1896 0
1897 4
1898 0
1899 2
1900 0
1901 291
1902 0
1903 5
1904 0
1905 2
1906 0
1907 292
1908 0
1909 9
1910 0
1911 2
1912 0
1913 293
1914 0
1915 3
1916 0
1917 2
1918 0
1919 8
1920 0
1921 7
1922 0
1923 2
1924 0
1925 3
1926 0
1927 13
1928 0
1929 2
1930 0
1931 294
1932 0
1933 295
1934 0
1935 2
1936 0
1937 6
1938 0
1939 4
1940 0
1941 2
1942 0
1943 10
1944 0
1945 3
1946 0
1947 2
1948 0
1949 296
1950 0
1951 297
1952 0
1953 2
1954 0
1955 3
1956 0
1957 8
1958 0
1959 2
1960 0
1961 12
1962 0
1963 6
1964 0
1965 2
1966 0
1967 4
1968 0
1969 5
1970 0
1971 2
1972 0
1973 298
1974 0
1975 3
1976 0
1977 2
1978 0
1979 299
1980 0
1981 4
1982 0
1983 2
1984 0
1985 3
1986 0
1987 300
1988 0
1989 2
1990 0
1991 5
1992 0
1993 301
1994 0
1995 2
1996 0
1997 302
1998 0
1999 303
2000 0
2001 2
2002 0
2003 304
2004 0
2005 3
2006 0
2007 2
2008 0
2009 4
2010 0
2011 305
2012 0
2013 2
2014 0
2015 3
2016 0
2017 306
2018 0
2019 2
2020 0
2021 14
2022 0
2023 4
2024 0
2025 2
2026 0
2027 307
2028 0
2029 308
2030 0
2031 2
2032 0
2033 8
2034 0
2035 3
2036 0
2037 2
2038 0
2039 309
2040 0
2041 6
2042 0
2043 2
2044 0
2045 3
2046 0
2047 9
2048 0
2049 2
2050 0
2051 4
2052 0
2053 310
2054 0
2055 2
2056 0
2057 5
2058 0
2059 10
2060 0
2061 2
2062 0
2063 311
2064 0
2065 3
2066 0
2067 2
2068 0
2069 312
2070 0
2071 8
2072 0
2073 2
2074 0
2075 3
2076 0
2077 11
2078 0
2079 2
2080 0
2081 313
2082 0
2083 314
2084 0
2085 2
2086 0
2087 315
2088 0
2089 316
2090 0
2091 2
2092 0
2093 4
2094 0
2095 3
2096 0
2097 2
2098 0
2099 317
2100 0
2101 5
2102 0
2103 2
2104 0
2105 3
2106 0
2107 4
2108 0
2109 2
2110 0
2111 318
2112 0
2113 319
2114 0
2115 2
2116 0
2117 10
2118 0
2119 6
2120 0
2121 2
2122 0
2123 5
2124 0
2125 3
2126 0
2127 2
2128 0
2129 320
2130 0
2131 321
2132 0
2133 2
2134 0
2135 3
2136 0
2137 322
2138 0
2139 2
2140 0
2141 323
2142 0
2143 324
2144 0
2145 2
2146 0
2147 8
2148 0
2149 4
2150 0
2151 2
2152 0
2153 325
2154 0
2155 3
2156 0
2157 2
2158 0
2159 7
2160 0
2161 326
2162 0
2163 2
2164 0
2165 3
2166 0
2167 5
2168 0
2169 2
2170 0
2171 6
2172 0
2173 13
2174 0
2175 2
2176 0
2177 4
2178 0
2179 327
2180 0
2181 2
2182 0
2183 12
2184 0
2185 3
2186 0
2187 2
2188 0
2189 5
2190 0
2191 4
2192 0
2193 2
2194 0
2195 3
2196 0
2197 6
2198 0
2199 2
2200 0
2201 11
2202 0
2203 328
2204 0
2205 2
2206 0
2207 329
2208 0
2209 15
2210 0
2211 2
2212 0
2213 330
2214 0
2215 3
2216 0
2217 2
2218 0
2219 4
2220 0
2221 331
2222 0
2223 2
2224 0
2225 3
2226 0
2227 7
2228 0
2229 2
2230 0
2231 9
2232 0
2233 4
2234 0
2235 2
2236 0
2237 332
2238 0
2239 333
2240 0
2241 2
2242 0
2243 334
2244 0
2245 3
2246 0
2247 2
2248 0
2249 6
2250 0
2251 335
2252 0
2253 2
2254 0
2255 3
2256 0
2257 12
2258 0
2259 2
2260 0
2261 4
2262 0
2263 11
2264 0
2265 2
2266 0
2267 336
2268 0
2269 337
2270 0
2271 2
2272 0
2273 338
2274 0
2275 3
2276 0
2277 2
2278 0
2279 14
2280 0
2281 339
2282 0
2283 2
2284 0
2285 3
2286 0
2287 340
2288 0
2289 2
2290 0
2291 10
2292 0
2293 341
2294 0
2295 2
2296 0
2297 342
2298 0
2299 5
2300 0
2301 2
2302 0
2303 4
2304 0
2305 3
2306 0
2307 2
2308 0
2309 343
2310 0
2311 344
2312 0
2313 2
2314 0
2315 3
2316 0
2317 4
2318 0
2319 2
2320 0
2321 5
2322 0
2323 9
2324 0
2325 2
2326 0
2327 6
2328 0
2329 7
2330 0
2331 2
2332 0
2333 345
2334 0
2335 3
2336 0
2337 2
2338 0
2339 346
2340 0
2341 347
2342 0
2343 2
2344 0
2345 3
2346 0
2347 348
2348 0
2349 2
2350 0
2351 349
2352 0
2353 6
2354 0
2355 2
2356 0
2357 350
2358 0
2359 4
2360 0
2361 2
2362 0
2363 7
2364 0
2365 3
2366 0
2367 2
2368 0
2369 9
2370 0
2371 351
2372 0
2373 2
2374 0
2375 3
2376 0
2377 352
2378 0
2379 2
2380 0
2381 353
2382 0
2383 354
2384 0
2385 2
2386 0
2387 4
2388 0
2389 355
2390 0
2391 2
2392 0
2393 356
2394 0
2395 3
2396 0
2397 2
2398 0
2399 357
2400 0
2401 4
2402 0
2403 2
2404 0
2405 3
2406 0
2407 10
2408 0
2409 2
2410 0
2411 358
2412 0
2413 8
2414 0
2415 2
2416 0
2417 359
2418 0
2419 13
2420 0
2421 2
2422 0
2423 360
2424 0
2425 3
2426 0
2427 2
2428 0
2429 4
2430 0
2431 5
2432 0
2433 2
2434 0
2435 3
2436 0
2437 361
2438 0
2439 2
2440 0
2441 362
2442 0
2443 4
2444 0
2445 2
2446 0
2447 363
2448 0
2449 11
2450 0
2451 2
2452 0
2453 5
2454 0
2455 3
2456 0
2457 2
2458 0
2459 364
2460 0
2461 9
2462 0
2463 2
2464 0
2465 3
2466 0
2467 365
2468 0
2469 2
2470 0
2471 4
2472 0
2473 366
2474 0
2475 2
2476 0
2477 367
2478 0
2479 12
2480 0
2481 2
2482 0
2483 6
2484 0
2485 3
2486 0
2487 2
2488 0
2489 8
2490 0
2491 15
2492 0
2493 2
2494 0
2495 3
2496 0
2497 5
2498 0
2499 2
2500 0
2501 13
2502 0
2503 368
2504 0
2505 2
2506 0
2507 9
2508 0
2509 6
2510 0
2511 2
2512 0
2513 4
2514 0
2515 3
2516 0
2517 2
2518 0
2519 5
2520 0
2521 369
2522 0
2523 2
2524 0
2525 3
2526 0
2527 4
2528 0
2529 2
2530 0
2531 370
2532 0
2533 7
2534 0
2535 2
2536 0
2537 14
2538 0
2539 371
2540 0
2541 2
2542 0
2543 372
2544 0
2545 3
2546 0
2547 2
2548 0
2549 373
2550 0
2551 374
2552 0
2553 2
2554 0
2555 3
2556 0
2557 375
2558 0
2559 2
2560 0
2561 6
2562 0
2563 5
2564 0
2565 2
2566 0
2567 7
2568 0
2569 4
2570 0
2571 2
2572 0
2573 11
2574 0
2575 3
2576 0
2577 2
2578 0
2579 376
2580 0
2581 10
2582 0
2583 2
2584 0
2585 3
2586 0
2587 6
2588 0
2589 2
2590 0
2591 377
2592 0
2593 378
2594 0
2595 2
2596 0
2597 4
2598 0
2599 9
2600 0
2601 2
2602 0
2603 8
2604 0
2605 3
2606 0
2607 2
2608 0
2609 379
2610 0
2611 4
2612 0
2613 2
2614 0
2615 3
2616 0
2617 380
2618 0
2619 2
2620 0
2621 381
2622 0
2623 14
2624 0
2625 2
2626 0
2627 12
2628 0
2629 5
2630 0
2631 2
2632 0
2633 382
2634 0
2635 3
2636 0
2637 2
2638 0
2639 4
2640 0
2641 8
2642 0
2643 2
2644 0
2645 3
2646 0
2647 383
2648 0
2649 2
2650 0
2651 5
2652 0
2653 4
2654 0
2655 2
2656 0
2657 384
2658 0
2659 385
2660 0
2661 2
2662 0
2663 386
2664 0
2665 3
2666 0
2667 2
2668 0
2669 7
2670 0
2671 387
2672 0
2673 2
2674 0
2675 3
2676 0
2677 388
2678 0
2679 2
2680 0
2681 4
2682 0
2683 389
2684 0
2685 2
2686 0
2687 390
2688 0
2689 391
2690 0
2691 2
2692 0
2693 392
2694 0
2695 3
2696 0
2697 2
2698 0
2699 393
2700 0
2701 12
2702 0
2703 2
2704 0
2705 3
2706 0
2707 394
2708 0
2709 2
2710 0
2711 395
2712 0
2713 396
2714 0
2715 2
2716 0
2717 5
2718 0
2719 397
2720 0
2721 2
2722 0
2723 4
2724 0
2725 3
2726 0
2727 2
2728 0
2729 398
2730 0
2731 399
2732 0
2733 2
2734 0
2735 3
2736 0
2737 4
2738 0
2739 2
2740 0
2741 400
2742 0
2743 6
2744 0
2745 2
2746 0
2747 13
2748 0
2749 401
2750 0
2751 2
2752 0
2753 402
2754 0
2755 3
2756 0
2757 2
2758 0
2759 11
2760 0
2761 5
2762 0
2763 2
2764 0
2765 3
2766 0
2767 403
2768 0
2769 2
2770 0
2771 7
2772 0
2773 15
2774 0
2775 2
2776 0
2777 404
2778 0
2779 4
2780 0
2781 2
2782 0
2783 5
2784 0
2785 3
2786 0
2787 2
2788 0
2789 405
2790 0
2791 406
2792 0
2793 2
2794 0
2795 3
2796 0
2797 407
2798 0
2799 2
2800 0
2801 408
2802 0
2803 409
2804 0
2805 2
2806 0
2807 4
2808 0
2809 16
2810 0
2811 2
2812 0
2813 10
2814 0
2815 3
2816 0
2817 2
2818 0
2819 410
2820 0
2821 4
2822 0
2823 2
2824 0
2825 3
2826 0
2827 5
2828 0
2829 2
2830 0
2831 8
2832 0
2833 411
2834 0
2835 2
2836 0
2837 412
2838 0
2839 7
2840 0
2841 2
2842 0
2843 413
2844 0
2845 3
2846 0
2847 2
2848 0
2849 4
2850 0
2851 414
2852 0
2853 2
2854 0
2855 3
2856 0
2857 415
2858 0
2859 2
2860 0
2861 416
2862 0
2863 4
2864 0
2865 2
2866 0
2867 15
2868 0
2869 8
2870 0
2871 2
2872 0
2873 6
2874 0
2875 3
2876 0
2877 2
2878 0
2879 417
2880 0
2881 14
2882 0
2883 2
2884 0
2885 3
2886 0
2887 418
2888 0
2889 2
2890 0
2891 4
2892 0
2893 5
2894 0
2895 2
2896 0
2897 419
2898 0
2899 6
2900 0
2901 2
2902 0
2903 420
2904 0
2905 3
2906 0
2907 2
2908 0
2909 421
2910 0
2911 13
2912 0
2913 2
2914 0
2915 3
2916 0
2917 422
2918 0
2919 2
2920 0
2921 9
2922 0
2923 12
2924 0
2925 2
2926 0
2927 423
2928 0
2929 10
2930 0
2931 2
2932 0
2933 4
2934 0
2935 3
2936 0
2937 2
2938 0
2939 424
2940 0
2941 7
2942 0
2943 2
2944 0
2945 3
2946 0
2947 4
2948 0
2949 2
2950 0
2951 6
2952 0
2953 425
2954 0
2955 2
2956 0
2957 426
2958 0
2959 5
2960 0
2961 2
2962 0
2963 427
2964 0
2965 3
2966 0
2967 2
2968 0
2969 428
2970 0
2971 429
2972 0
2973 2
2974 0
2975 3
2976 0
2977 6
2978 0
2979 2
2980 0
2981 5
2982 0
2983 8
2984 0
2985 2
2986 0
2987 10
2988 0
2989 4
2990 0
2991 2
2992 0
2993 13
2994 0
2995 3
2996 0
2997 2
2998 0
2999 430
3000 0
3001 431
3002 0
3003 2
3004 0
3005 3
3006 0
3007 11
3008 0
3009 2
3010 0
3011 432
3012 0
3013 9
3014 0
3015 2
3016 0
3017 4
3018 0
3019 433
3020 0
3021 2
3022 0
3023 434
3024 0
3025 3
3026 0
3027 2
3028 0
3029 6
3030 0
3031 4
3032 0
3033 2
3034 0
3035 3
3036 0
3037 435
3038 0
3039 2
3040 0
3041 436
3042 0
3043 7
3044 0
3045 2
3046 0
3047 5
3048 0
3049 437
3050 0
3051 2
3052 0
3053 14
3054 0
3055 3
3056 0
3057 2
3058 0
3059 4
3060 0
3061 438
3062 0
3063 2
3064 0
3065 3
3066 0
3067 439
3068 0
3069 2
3070 0
3071 12
3072 0
3073 4
3074 0
3075 2
3076 0
3077 7
3078 0
3079 440
3080 0
3081 2
3082 0
3083 441
3084 0
3085 3
3086 0
3087 2
3088 0
3089 442
3090 0
3091 5
3092 0
3093 2
3094 0
3095 3
3096 0
3097 8
3098 0
3099 2
3100 0
3101 4
3102 0
3103 10
3104 0
3105 2
3106 0
3107 6
3108 0
3109 443
3110 0
3111 2
3112 0
3113 5
3114 0
3115 3
3116 0
3117 2
3118 0
3119 444
3120 0
3121 445
3122 0
3123 2
3124 0
3125 3
3126 0
3127 16
3128 0
3129 2
3130 0
3131 11
3132 0
3133 6
3134 0
3135 2
3136 0
3137 446
3138 0
3139 14
3140 0
3141 2
3142 0
3143 4
3144 0
3145 3
3146 0
3147 2
3148 0
3149 15
3150 0
3151 9
3152 0
3153 2
3154 0
3155 3
3156 0
3157 4
3158 0
3159 2
3160 0
3161 10
3162 0
3163 447
3164 0
3165 2
3166 0
3167 448
3168 0
3169 449
3170 0
3171 2
3172 0
3173 8
3174 0
3175 3
3176 0
3177 2
3178 0
3179 5
3180 0
3181 450
3182 0
3183 2
3184 0
3185 3
3186 0
3187 451
3188 0
3189 2
3190 0
3191 452
3192 0
3193 11
3194 0
3195 2
3196 0
3197 9
3198 0
3199 4
3200 0
3201 2
3202 0
3203 453
3204 0
3205 3
3206 0
3207 2
3208 0
3209 454
3210 0
3211 6
3212 0
3213 2
3214 0
3215 3
3216 0
3217 455
3218 0
3219 2
3220 0
3221 456
3222 0
3223 5
3224 0
3225 2
3226 0
3227 4
3228 0
3229 457
3230 0
3231 2
3232 0
3233 16
3234 0
3235 3
3236 0
3237 2
3238 0
3239 13
3240 0
3241 4
3242 0
3243 2
3244 0
3245 3
3246 0
3247 7
3248 0
3249 2
3250 0
3251 458
3252 0
3253 459
3254 0
3255 2
3256 0
3257 460
3258 0
3259 461
3260 0
3261 2
3262 0
3263 6
3264 0
3265 3
3266 0
3267 2
3268 0
3269 4
3270 0
3271 462
3272 0
3273 2
3274 0
3275 3
3276 0
3277 10
3278 0
3279 2
3280 0
3281 7
3282 0
3283 4
3284 0
3285 2
3286 0
3287 8
3288 0
3289 5
3290 0
3291 2
3292 0
3293 12
3294 0
3295 3
3296 0
3297 2
3298 0
3299 463
3300 0
3301 464
3302 0
3303 2
3304 0
3305 3
3306 0
3307 465
3308 0
3309 2
3310 0
3311 4
3312 0
3313 466
3314 0
3315 2
3316 0
3317 11
3318 0
3319 467
3320 0
3321 2
3322 0
3323 468
3324 0
3325 3
3326 0
3327 2
3328 0
3329 469
3330 0
3331 470
3332 0
3333 2
3334 0
3335 3
3336 0
3337 15
3338 0
3339 2
3340 0
3341 6
3342 0
3343 471
3344 0
3345 2
3346 0
3347 472
3348 0
3349 7
3350 0
3351 2
3352 0
3353 4
3354 0
3355 3
3356 0
3357 2
3358 0
3359 473
3360 0
3361 474
3362 0
3363 2
3364 0
3365 3
3366 0
3367 4
3368 0
3369 2
3370 0
3371 475
3372 0
3373 476
3374 0
3375 2
3376 0
3377 5
3378 0
3379 11
3380 0
3381 2
3382 0
3383 7
3384 0
3385 3
3386 0
3387 2
3388 0
3389 477
3390 0
3391 478
3392 0
3393 2
3394 0
3395 3
3396 0
3397 14
3398 0
3399 2
3400 0
3401 8
3402 0
3403 13
3404 0
3405 2
3406 0
3407 479
3408 0
3409 4
3410 0
3411 2
3412 0
3413 480
3414 0
3415 3
3416 0
3417 2
3418 0
3419 6
3420 0
3421 5
3422 0
3423 2
3424 0
3425 3
3426 0
3427 9
3428 0
3429 2
3430 0
3431 15
3432 0
3433 481
3434 0
3435 2
3436 0
3437 4
3438 0
3439 8
3440 0
3441 2
3442 0
3443 5
3444 0
3445 3
3446 0
3447 2
3448 0
3449 482
3450 0
3451 4
3452 0
3453 2
3454 0
3455 3
3456 0
3457 483
3458 0
3459 2
3460 0
3461 484
3462 0
3463 485
3464 0
3465 2
3466 0
3467 486
3468 0
3469 487
3470 0
3471 2
3472 0
3473 9
3474 0
3475 3
3476 0
3477 2
3478 0
3479 4
3480 0
3481 17
3482 0
3483 2
3484 0
3485 3
3486 0
3487 5
3488 0
3489 2
3490 0
3491 488
3492 0
3493 4
3494 0
3495 2
3496 0
3497 6
3498 0
3499 489
3500 0
3501 2
3502 0
3503 11
3504 0
3505 3
3506 0
3507 2
3508 0
3509 5
3510 0
3511 490
3512 0
3513 2
3514 0
3515 3
3516 0
3517 491
3518 0
3519 2
3520 0
3521 4
3522 0
3523 6
3524 0
3525 2
3526 0
3527 492
3528 0
3529 493
3530 0
3531 2
3532 0
3533 494
3534 0
3535 3
3536 0
3537 2
3538 0
3539 495
3540 0
3541 496
3542 0
3543 2
3544 0
3545 3
3546 0
3547 497
3548 0
3549 2
3550 0
3551 16
3552 0
3553 5
3554 0
3555 2
3556 0
3557 498
3558 0
3559 499
3560 0
3561 2
3562 0
3563 4
3564 0
3565 3
3566 0
3567 2
3568 0
3569 14
3570 0
3571 500
3572 0
3573 2
3574 0
3575 3
3576 0
3577 4
3578 0
3579 2
3580 0
3581 501
3582 0
3583 502
3584 0
3585 2
3586 0
3587 7
3588 0
3589 12
3590 0
3591 2
3592 0
3593 503
3594 0
3595 3
3596 0
3597 2
3598 0
3599 17
3600 0
3601 6
3602 0
3603 2
3604 0
3605 3
3606 0
3607 504
3608 0
3609 2
3610 0
3611 9
3612 0
3613 505
3614 0
3615 2
3616 0
3617 506
3618 0
3619 4
3620 0
3621 2
3622 0
3623 507
3624 0
3625 3
3626 0
3627 2
3628 0
3629 8
3630 0
3631 508
3632 0
3633 2
3634 0
3635 3
3636 0
3637 509
3638 0
3639 2
3640 0
3641 5
3642 0
3643 510
3644 0
3645 2
3646 0
3647 4
3648 0
3649 13
3650 0
3651 2
3652 0
3653 6
3654 0
3655 3
3656 0
3657 2
3658 0
3659 511
3660 0
3661 4
3662 0
3663 2
3664 0
3665 3
3666 0
3667 8
3668 0
3669 2
3670 0
3671 512
3672 0
3673 513
3674 0
3675 2
3676 0
3677 514
3678 0
3679 6
3680 0
3681 2
3682 0
3683 10
3684 0
3685 3
3686 0
3687 2
3688 0
3689 4
3690 0
3691 515
3692 0
3693 2
3694 0
3695 3
3696 0
3697 516
3698 0
3699 2
3700 0
3701 517
3702 0
3703 4
3704 0
3705 2
3706 0
3707 5
3708 0
3709 518
3710 0
3711 2
3712 0
3713 15
3714 0
3715 3
3716 0
3717 2
3718 0
3719 519
3720 0
3721 18
3722 0
3723 2
3724 0
3725 3
3726 0
3727 520
3728 0
3729 2
3730 0
3731 4
3732 0
3733 521
3734 0
3735 2
3736 0
3737 12
3738 0
3739 522
3740 0
3741 2
3742 0
3743 8
3744 0
3745 3
3746 0
3747 2
3748 0
3749 9
3750 0
3751 5
3752 0
3753 2
3754 0
3755 3
3756 0
3757 6
3758 0
3759 2
3760 0
3761 523
3762 0
3763 16
3764 0
3765 2
3766 0
3767 524
3768 0
3769 525
3770 0
3771 2
3772 0
3773 4
3774 0
3775 3
3776 0
3777 2
3778 0
3779 526
3780 0
3781 8
3782 0
3783 2
3784 0
3785 3
3786 0
3787 4
3788 0
3789 2
3790 0
3791 7
3792 0
3793 527
3794 0
3795 2
3796 0
3797 528
3798 0
3799 10
3800 0
3801 2
3802 0
3803 529
3804 0
3805 3
3806 0
3807 2
3808 0
3809 6
3810 0
3811 12
3812 0
3813 2
3814 0
3815 3
3816 0
3817 5
3818 0
3819 2
3820 0
3821 530
3822 0
3823 531
3824 0
3825 2
3826 0
3827 14
3828 0
3829 4
3830 0
3831 2
3832 0
3833 532
3834 0
3835 3
3836 0
3837 2
3838 0
3839 5
3840 0
3841 9
3842 0
3843 2
3844 0
3845 3
3846 0
3847 533
3848 0
3849 2
3850 0
3851 534
3852 0
3853 535
3854 0
3855 2
3856 0
3857 4
3858 0
3859 7
3860 0
3861 2
3862 0
3863 536
3864 0
3865 3
3866 0
3867 2
3868 0
3869 16
3870 0
3871 4
3872 0
3873 2
3874 0
3875 3
3876 0
3877 537
3878 0
3879 2
3880 0
3881 538
3882 0
3883 5
3884 0
3885 2
3886 0
3887 6
3888 0
3889 539
3890 0
3891 2
3892 0
3893 7
3894 0
3895 3
3896 0
3897 2
3898 0
3899 4
3900 0
3901 15
3902 0
3903 2
3904 0
3905 3
3906 0
3907 540
3908 0
3909 2
3910 0
3911 541
3912 0
3913 4
3914 0
3915 2
3916 0
3917 542
3918 0
3919 543
3920 0
3921 2
3922 0
3923 544
3924 0
3925 3
3926 0
3927 2
3928 0
3929 545
3930 0
3931 546
3932 0
3933 2
3934 0
3935 3
3936 0
3937 11
3938 0
3939 2
3940 0
3941 4
3942 0
3943 547
3944 0
3945 2
3946 0
3947 548
3948 0
3949 5
3950 0
3951 2
3952 0
3953 17
3954 0
3955 3
3956 0
3957 2
3958 0
3959 12
3960 0
3961 7
3962 0
3963 2
3964 0
3965 3
3966 0
3967 549
3968 0
3969 2
3970 0
3971 5
3972 0
3973 10
3974 0
3975 2
3976 0
3977 13
3978 0
3979 9
3980 0
3981 2
3982 0
3983 4
3984 0
3985 3
3986 0
3987 2
3988 0
3989 550
3990 0
3991 6
3992 0
3993 2
3994 0
3995 3
3996 0
3997 4
3998 0
3999 2
4000 0
4001 551
4002 0
4003 552
4004 0
4005 2
4006 0
4007 553
4008 0
4009 8
4010 0
4011 2
4012 0
4013 554
4014 0
4015 3
4016 0
4017 2
4018 0
4019 555
4020 0
4021 556
4022 0
4023 2
4024 0
4025 3
4026 0
4027 557
4028 0
4029 2
4030 0
4031 10
4032 0
4033 12
4034 0
4035 2
4036 0
4037 5
4038 0
4039 4
4040 0
4041 2
4042 0
4043 6
4044 0
4045 3
4046 0
4047 2
4048 0
4049 558
4050 0
4051 559
4052 0
4053 2
4054 0
4055 3
4056 0
4057 560
4058 0
4059 2
4060 0
4061 11
4062 0
4063 7
4064 0
4065 2
4066 0
4067 4
4068 0
4069 6
4070 0
4071 2
4072 0
4073 561
4074 0
4075 3
4076 0
4077 2
4078 0
4079 562
4080 0
4081 4
4082 0
4083 2
4084 0
4085 3
4086 0
4087 18
4088 0
4089 2
4090 0
4091 563
4092 0
4093 564
4094 0
4095 2
4096 0
